1616454274378 0.5333333333333333 0
1616454274394 0.5333333333333333 0
1616454274417 0.53 0
1616454274420 0.5282392026578073 0
1616454274421 0.5333333333333333 0
1616454274427 0.5282392026578073 0
1616454274427 0.5249169435215947 0
1616454274434 0.53156146179402 0
1616454274444 0.5282392026578073 0
1616454274450 0.53156146179402 0
1616454274451 0.53156146179402 0
1616454274454 0.53156146179402 0
1616454274455 0.53156146179402 0
1616454274468 0.5282392026578073 0
1616454274497 0.5249169435215947 0
1616454274500 0.5282392026578073 0
1616454274504 0.53156146179402 0
1616454274520 0.53156146179402 0
1616454274524 0.53156146179402 0
1616454274525 0.53156146179402 0
1616454274529 0.5282392026578073 0
1616454274559 0.5282392026578073 0
1616454274578 0.5348837209302325 0
1616454274586 0.53156146179402 0
1616454274599 0.5282392026578073 0
1616454274611 0.5282392026578073 0
1616454274620 0.5282392026578073 0
1616454274632 0.5282392026578073 0
1616454274653 0.5282392026578073 0
1616454274658 0.5282392026578073 0
1616454274749 0.5282392026578073 0
1616454274752 0.5249169435215947 0
1616454274785 0.5282392026578073 0
1616454274805 0.5282392026578073 0
1616454274835 0.5282392026578073 0
1616454274839 0.5282392026578073 0
1616454274843 0.5282392026578073 0
1616454274838 0.53156146179402 0
1616454274904 0.5282392026578073 0
1616454274918 0.5282392026578073 0
1616454274933 0.53156146179402 0
1616454274963 0.5249169435215947 0
1616454274975 0.53156146179402 0
1616454274978 0.5249169435215947 0
1616454274988 0.53156146179402 0
1616454275037 0.5249169435215947 0
1616454275084 0.5249169435215947 0
1616454275117 0.53156146179402 0
1616454275120 0.53156146179402 0
1616454275126 0.53156146179402 0
1616454275126 0.5249169435215947 0
1616454275224 0.5282392026578073 0
1616454275270 0.5282392026578073 0
1616454275290 0.53156146179402 0
1616454275315 0.53156146179402 0
1616454275318 0.5348837209302325 0
1616454275348 0.5282392026578073 0
1616454275397 0.5249169435215947 0
1616454275495 0.53156146179402 0
1616454275523 0.5348837209302325 0
1616454275518 0.53156146179402 0
1616454275600 0.5282392026578073 0
1616454275630 0.53156146179402 0
1616454275651 0.5282392026578073 0
1616454275735 0.53156146179402 0
1616454275733 0.5348837209302325 0
1616454275757 0.5282392026578073 0
1616454275772 0.5282392026578073 0
1616454275806 0.5249169435215947 0
1616454275834 0.53156146179402 0
1616454275845 0.5249169435215947 0
1616454275891 0.53156146179402 0
1616454275924 0.53156146179402 0
1616454275939 0.5282392026578073 0
1616454276014 0.5249169435215947 0
1616454276015 0.5282392026578073 0
1616454276027 0.53156146179402 0
1616454276102 0.5348837209302325 0
1616454276155 0.53156146179402 0
1616454276169 0.5348837209302325 0
1616454276228 0.5348837209302325 0
1616454276254 0.5348837209302325 0
1616454276281 0.53156146179402 0
1616454276289 0.5282392026578073 0
1616454276340 0.5249169435215947 0
1616454276347 0.5282392026578073 0
1616454276363 0.5249169435215947 0
1616454276422 0.5249169435215947 0
1616454276424 0.5282392026578073 0
1616454276463 0.5249169435215947 0
1616454276481 0.5282392026578073 0
1616454276547 0.5348837209302325 0
1616454276572 0.5282392026578073 0
1616454276586 0.53156146179402 0
1616454276612 0.5282392026578073 0
1616454276614 0.5348837209302325 0
1616454276623 0.53156146179402 0
1616454276614 0.5282392026578073 0
1616454276684 0.53156146179402 0
1616454276698 0.5282392026578073 0
