1616454274378 0.28444444444444444 0
1616454274394 0.28444444444444444 0
1616454274417 0.28090000000000004 0
1616454274420 0.279036655224556 0
1616454274421 0.28444444444444444 0
1616454274427 0.279036655224556 0
1616454274427 0.275537797596053 0
1616454274434 0.2825575876645953 0
1616454274444 0.279036655224556 0
1616454274450 0.2825575876645953 0
1616454274451 0.2825575876645953 0
1616454274454 0.2825575876645953 0
1616454274455 0.2825575876645953 0
1616454274468 0.279036655224556 0
1616454274497 0.275537797596053 0
1616454274500 0.279036655224556 0
1616454274504 0.2825575876645953 0
1616454274520 0.2825575876645953 0
1616454274524 0.2825575876645953 0
1616454274525 0.2825575876645953 0
1616454274529 0.279036655224556 0
1616454274559 0.279036655224556 0
1616454274578 0.28610059491617085 0
1616454274586 0.2825575876645953 0
1616454274599 0.279036655224556 0
1616454274611 0.279036655224556 0
1616454274620 0.279036655224556 0
1616454274632 0.279036655224556 0
1616454274653 0.279036655224556 0
1616454274658 0.279036655224556 0
1616454274749 0.279036655224556 0
1616454274752 0.275537797596053 0
1616454274785 0.279036655224556 0
1616454274805 0.279036655224556 0
1616454274835 0.279036655224556 0
1616454274839 0.279036655224556 0
1616454274843 0.279036655224556 0
1616454274838 0.2825575876645953 0
1616454274904 0.279036655224556 0
1616454274918 0.279036655224556 0
1616454274933 0.2825575876645953 0
1616454274963 0.275537797596053 0
1616454274974 0.2825575876645953 0
1616454274978 0.275537797596053 0
1616454274988 0.2825575876645953 0
1616454275037 0.275537797596053 0
1616454275084 0.275537797596053 0
1616454275117 0.2825575876645953 0
1616454275120 0.2825575876645953 0
1616454275126 0.275537797596053 0
1616454275126 0.2825575876645953 0
1616454275224 0.279036655224556 0
1616454275270 0.279036655224556 0
1616454275290 0.2825575876645953 0
1616454275315 0.2825575876645953 0
1616454275318 0.28610059491617085 0
1616454275348 0.279036655224556 0
1616454275396 0.275537797596053 0
1616454275495 0.2825575876645953 0
1616454275523 0.28610059491617085 0
1616454275518 0.2825575876645953 0
1616454275600 0.279036655224556 0
1616454275630 0.2825575876645953 0
1616454275651 0.279036655224556 0
1616454275735 0.2825575876645953 0
1616454275733 0.28610059491617085 0
1616454275757 0.279036655224556 0
1616454275772 0.279036655224556 0
1616454275806 0.275537797596053 0
1616454275834 0.2825575876645953 0
1616454275845 0.275537797596053 0
1616454275891 0.2825575876645953 0
1616454275924 0.2825575876645953 0
1616454275939 0.279036655224556 0
1616454276014 0.275537797596053 0
1616454276015 0.279036655224556 0
1616454276027 0.2825575876645953 0
1616454276102 0.28610059491617085 0
1616454276155 0.2825575876645953 0
1616454276169 0.28610059491617085 0
1616454276228 0.28610059491617085 0
1616454276254 0.28610059491617085 0
1616454276281 0.2825575876645953 0
1616454276289 0.279036655224556 0
1616454276340 0.275537797596053 0
1616454276347 0.279036655224556 0
1616454276363 0.275537797596053 0
1616454276424 0.279036655224556 0
1616454276422 0.275537797596053 0
1616454276463 0.275537797596053 0
1616454276481 0.279036655224556 0
1616454276547 0.28610059491617085 0
1616454276572 0.279036655224556 0
1616454276586 0.2825575876645953 0
1616454276612 0.279036655224556 0
1616454276614 0.28610059491617085 0
1616454276623 0.2825575876645953 0
1616454276614 0.279036655224556 0
1616454276684 0.2825575876645953 0
1616454276698 0.279036655224556 0
