1616454274360 0.5333333333333333 0
1616454274375 0.5333333333333333 0
1616454274393 0.53 0
1616454274396 0.5333333333333333 0
1616454274397 0.5282392026578073 0
1616454274404 0.5249169435215947 0
1616454274405 0.5282392026578073 0
1616454274410 0.53156146179402 0
1616454274420 0.5282392026578073 0
1616454274426 0.53156146179402 0
1616454274431 0.53156146179402 0
1616454274432 0.53156146179402 0
1616454274434 0.53156146179402 0
1616454274439 0.5282392026578073 0
1616454274466 0.5249169435215947 0
1616454274469 0.5282392026578073 0
1616454274483 0.53156146179402 0
1616454274488 0.53156146179402 0
1616454274498 0.5282392026578073 0
1616454274505 0.53156146179402 0
1616454274506 0.53156146179402 0
1616454274529 0.5282392026578073 0
1616454274544 0.5348837209302325 0
1616454274555 0.53156146179402 0
1616454274568 0.5282392026578073 0
1616454274580 0.5282392026578073 0
1616454274590 0.5282392026578073 0
1616454274601 0.5282392026578073 0
1616454274621 0.5282392026578073 0
1616454274627 0.5282392026578073 0
1616454274685 0.5249169435215947 0
1616454274699 0.5282392026578073 0
1616454274719 0.5282392026578073 0
1616454274747 0.5282392026578073 0
1616454274781 0.53156146179402 0
1616454274790 0.5282392026578073 0
1616454274808 0.5282392026578073 0
1616454274812 0.5282392026578073 0
1616454274844 0.5282392026578073 0
1616454274873 0.5282392026578073 0
1616454274901 0.53156146179402 0
1616454274892 0.5249169435215947 0
1616454274918 0.53156146179402 0
1616454274929 0.5249169435215947 0
1616454274943 0.53156146179402 0
1616454274995 0.5249169435215947 0
1616454275024 0.5249169435215947 0
1616454275059 0.53156146179402 0
1616454275076 0.53156146179402 0
1616454275093 0.53156146179402 0
1616454275095 0.5249169435215947 0
1616454275166 0.5282392026578073 0
1616454275205 0.53156146179402 0
1616454275213 0.5282392026578073 0
1616454275253 0.53156146179402 0
1616454275277 0.5348837209302325 0
1616454275291 0.5282392026578073 0
1616454275338 0.5249169435215947 0
1616454275440 0.53156146179402 0
1616454275455 0.53156146179402 0
1616454275443 0.5348837209302325 0
1616454275519 0.53156146179402 0
1616454275521 0.5282392026578073 0
1616454275596 0.5282392026578073 0
1616454275620 0.53156146179402 0
1616454275657 0.5348837209302325 0
1616454275705 0.5282392026578073 0
1616454275735 0.53156146179402 0
1616454275741 0.5282392026578073 0
1616454275758 0.5249169435215947 0
1616454275763 0.5249169435215947 0
1616454275806 0.53156146179402 0
1616454275858 0.5282392026578073 0
1616454275847 0.53156146179402 0
1616454275923 0.5282392026578073 0
1616454275963 0.5249169435215947 0
1616454275974 0.53156146179402 0
1616454276063 0.5348837209302325 0
1616454276089 0.53156146179402 0
1616454276122 0.5348837209302325 0
1616454276133 0.5348837209302325 0
1616454276192 0.5348837209302325 0
1616454276227 0.53156146179402 0
1616454276258 0.5282392026578073 0
1616454276250 0.5249169435215947 0
1616454276306 0.5249169435215947 0
1616454276316 0.5282392026578073 0
1616454276353 0.5249169435215947 0
1616454276358 0.5249169435215947 0
1616454276374 0.5282392026578073 0
1616454276384 0.5348837209302325 0
1616454276450 0.5282392026578073 0
1616454276520 0.5282392026578073 0
1616454276528 0.5282392026578073 0
1616454276544 0.53156146179402 0
1616454276564 0.5282392026578073 0
1616454276581 0.5348837209302325 0
1616454276585 0.53156146179402 0
1616454276574 0.53156146179402 0
1616454276640 0.5282392026578073 0
