1616454228935 0.4702791461412151 0
1616454228935 0.4803199014465109 0
1616454228935 0.49581081081081074 0
1616454228940 0.49134631450420924 0
1616454228947 0.5139056302810373 0
1616454228947 0.514327799577086 0
1616454228951 0.4760478899614542 0
1616454228954 0.4898000815993472 0
1616454228954 0.5045908102614061 0
1616454228960 0.5084237429003701 0
1616454228967 0.48896479653112473 0
1616454228973 0.4842167601596524 0
1616454228977 0.511437063105415 0
1616454228980 0.5261362383919599 0
1616454228991 0.5052931434331996 0
1616454228996 0.47491844003471906 0
1616454229008 0.5000048148683134 0
1616454229018 0.5082860474916454 0
1616454229023 0.5185607334695418 0
1616454229034 0.5193392442385475 0
1616454229039 0.48163911831562495 0
1616454229052 0.4740461132588527 0
1616454229058 0.4851706433101783 0
1616454229067 0.4770192212707771 0
1616454229073 0.4843195096803758 0
1616454229079 0.4813326193532908 0
1616454229091 0.5002242242189994 0
1616454229105 0.48274070950289544 0
1616454229111 0.4953715222386465 0
1616454229123 0.4808598393051396 0
1616454229135 0.540654359848595 0
1616454229177 0.4955094875576677 0
1616454229185 0.4777508461622447 0
1616454229199 0.5040720513557535 0
1616454229205 0.4976026055796544 0
1616454229213 0.4808598393051396 0
1616454229278 0.4804238708947471 0
1616454229299 0.4808598393051396 0
1616454229321 0.4818090562012004 0
1616454229325 0.4744639898766695 0
1616454229377 0.4774665564446108 0
1616454229396 0.5110574855556372 0
1616454229415 0.49179343708107476 0
1616454229447 0.4696034862147819 0
1616454229478 0.518601529861338 0
1616454229485 0.48181824798922734 0
1616454229545 0.4719046180840201 0
1616454229550 0.48630886463112377 0
1616454229540 0.5017286294362707 0
1616454229581 0.5141303449529759 0
1616454229632 0.4850057331020492 0
1616454229659 0.4740461132588527 0
1616454229675 0.47680886719783616 0
1616454229705 0.48460291093181457 0
1616454229714 0.5068074947017285 0
1616454229752 0.48099652285698796 0
1616454229785 0.4767707112856556 0
1616454229807 0.4931609566903684 0
1616454229839 0.539946708144885 0
1616454229914 0.5281282867007853 0
1616454229915 0.47656778678012246 0
1616454229955 0.47947171459651977 0
1616454229989 0.5150677682062741 0
1616454230026 0.47109461325443464 0
1616454230056 0.4872355306871831 0
1616454230090 0.4738553746256683 0
1616454230111 0.4874462863907334 0
1616454230168 0.5043379212149977 0
1616454230224 0.5323125812509029 0
1616454230296 0.5035885300730183 0
1616454230313 0.4741937572362476 0
1616454230333 0.48350807553465364 0
1616454230381 0.4795907913416365 0
1616454230400 0.4995852121880355 0
1616454230451 0.4818090562012004 0
1616454230454 0.4798898646597786 0
1616454230536 0.48025247418574 0
1616454230519 0.48181824798922734 0
1616454230546 0.48434577477396124 0
1616454230615 0.49169435215946844 0
1616454230687 0.4927165857398416 0
1616454230716 0.4759891271519179 0
1616454230733 0.48427139482492865 0
1616454230770 0.4810255497547857 0
1616454230796 0.5375376447537871 0
1616454230857 0.49452394548397616 0
1616454230909 0.4786821705426357 0
1616454230954 0.4791447266692586 0
1616454230982 0.4853835105688462 0
1616454230995 0.4738553746256683 0
1616454231056 0.4812941649528028 0
1616454231082 0.4836393407622768 0
1616454231107 0.4855309886584947 0
1616454231188 0.4795907913416365 0
1616454231226 0.5037128674784813 0
1616454231226 0.5151336451711375 0
1616454231242 0.48119881466696435 0
1616454231281 0.5015618377255625 0
1616454231368 0.48185777706843175 0
1616454231400 0.49068499652170516 0
