1616454228910 0.5366666666666666 0
1616454228910 0.5333333333333333 0
1616454228912 0.5366666666666666 0
1616454228915 0.54 0
1616454228920 0.5514950166112956 0
1616454228922 0.5548172757475083 0
1616454228926 0.5382059800664452 0
1616454228929 0.5448504983388704 0
1616454228933 0.5514950166112956 0
1616454228935 0.5481727574750831 0
1616454228943 0.5481727574750831 0
1616454228948 0.5382059800664452 0
1616454228953 0.5448504983388704 0
1616454228956 0.5548172757475083 0
1616454228960 0.5448504983388704 0
1616454228967 0.5348837209302325 0
1616454228977 0.5415282392026578 0
1616454228985 0.5481727574750831 0
1616454228994 0.5448504983388704 0
1616454229004 0.5514950166112956 0
1616454229010 0.5415282392026578 0
1616454229022 0.5348837209302325 0
1616454229028 0.5481727574750831 0
1616454229038 0.5382059800664452 0
1616454229050 0.5415282392026578 0
1616454229055 0.5448504983388704 0
1616454229063 0.5415282392026578 0
1616454229075 0.5448504983388704 0
1616454229081 0.5481727574750831 0
1616454229093 0.5415282392026578 0
1616454229105 0.5581395348837209 0
1616454229148 0.5348837209302325 0
1616454229156 0.5382059800664452 0
1616454229168 0.5448504983388704 0
1616454229176 0.5514950166112956 0
1616454229184 0.5415282392026578 0
1616454229221 0.5415282392026578 0
1616454229240 0.5415282392026578 0
1616454229259 0.5415282392026578 0
1616454229282 0.5348837209302325 0
1616454229294 0.5382059800664452 0
1616454229339 0.5514950166112956 0
1616454229368 0.5514950166112956 0
1616454229378 0.53156146179402 0
1616454229421 0.5448504983388704 0
1616454229429 0.5415282392026578 0
1616454229481 0.5481727574750831 0
1616454229482 0.5415282392026578 0
1616454229515 0.5348837209302325 0
1616454229523 0.5514950166112956 0
1616454229562 0.5448504983388704 0
1616454229602 0.5348837209302325 0
1616454229622 0.5382059800664452 0
1616454229647 0.5448504983388704 0
1616454229668 0.5481727574750831 0
1616454229698 0.5415282392026578 0
1616454229716 0.5382059800664452 0
1616454229757 0.5514950166112956 0
1616454229768 0.5581395348837209 0
1616454229835 0.5448504983388704 0
1616454229852 0.5382059800664452 0
1616454229910 0.5382059800664452 0
1616454229923 0.53156146179402 0
1616454229920 0.5548172757475083 0
1616454230003 0.5481727574750831 0
1616454230027 0.5348837209302325 0
1616454230023 0.5481727574750831 0
1616454230067 0.5448504983388704 0
1616454230141 0.5514950166112956 0
1616454230191 0.5448504983388704 0
1616454230222 0.5348837209302325 0
1616454230274 0.5448504983388704 0
1616454230294 0.5415282392026578 0
1616454230337 0.5415282392026578 0
1616454230367 0.5415282392026578 0
1616454230374 0.5415282392026578 0
1616454230420 0.5415282392026578 0
1616454230456 0.5448504983388704 0
1616454230473 0.5415282392026578 0
1616454230537 0.5514950166112956 0
1616454230591 0.5514950166112956 0
1616454230630 0.5382059800664452 0
1616454230636 0.5448504983388704 0
1616454230702 0.5415282392026578 0
1616454230712 0.5548172757475083 0
1616454230793 0.5481727574750831 0
1616454230830 0.5382059800664452 0
1616454230870 0.5382059800664452 0
1616454230911 0.5348837209302325 0
1616454230942 0.5481727574750831 0
1616454230990 0.5448504983388704 0
1616454231009 0.5415282392026578 0
1616454231037 0.5448504983388704 0
1616454231118 0.5415282392026578 0
1616454231123 0.5548172757475083 0
1616454231168 0.5448504983388704 0
1616454231182 0.5415282392026578 0
1616454231212 0.5415282392026578 0
1616454231284 0.5448504983388704 0
1616454231321 0.5448504983388704 0
