1616454228935 0.6966671296296296 0
1616454228935 0.6951285076530612 0
1616454228935 0.6947018287079667 0
1616454228940 0.696217693236715 0
1616454228947 0.700799181835773 0
1616454228947 0.7018527235787247 0
1616454228951 0.6957024547296558 0
1616454228954 0.7011446962505932 0
1616454228954 0.7027108487887139 0
1616454228960 0.6981560974159046 0
1616454228967 0.7006744431643626 0
1616454228973 0.696859277253991 0
1616454228977 0.697030638775805 0
1616454228980 0.6979711401555255 0
1616454228992 0.6964150342277797 0
1616454228996 0.7014702296731508 0
1616454229008 0.6986988426855536 0
1616454229018 0.6978382469555784 0
1616454229023 0.6981083036862962 0
1616454229034 0.6986620961037889 0
1616454229039 0.6949655899663059 0
1616454229052 0.6978701498150818 0
1616454229058 0.7008007355284547 0
1616454229067 0.6969277025413663 0
1616454229073 0.6967647128294436 0
1616454229079 0.6944265832513443 0
1616454229091 0.695303525210378 0
1616454229105 0.6981257284759489 0
1616454229111 0.6952960185698 0
1616454229123 0.6955244413617174 0
1616454229135 0.7039619523121607 0
1616454229177 0.6992833583621946 0
1616454229185 0.6988957099523327 0
1616454229199 0.6976892883763324 0
1616454229205 0.6965874114162494 0
1616454229213 0.6977266258583865 0
1616454229278 0.6967638815833104 0
1616454229299 0.7011726248390879 0
1616454229321 0.6978480070262354 0
1616454229325 0.6960242792005864 0
1616454229377 0.6956553785824395 0
1616454229396 0.697065432954924 0
1616454229415 0.6983643232236632 0
1616454229447 0.6967637750538498 0
1616454229478 0.6982723687250927 0
1616454229485 0.6983574691141139 0
1616454229545 0.693501150012778 0
1616454229550 0.7021498735898652 0
1616454229552 0.7008207341166213 0
1616454229581 0.7047036073926898 0
1616454229632 0.6983036333224355 0
1616454229659 0.6948848814951892 0
1616454229675 0.702682998065058 0
1616454229705 0.6954670897219877 0
1616454229715 0.7048336816837648 0
1616454229752 0.6942645675560416 0
1616454229785 0.6956737749566888 0
1616454229807 0.7009102546884461 0
1616454229839 0.6978962464662306 0
1616454229914 0.6968796797572128 0
1616454229915 0.6932412974940085 0
1616454229955 0.696210633328336 0
1616454229989 0.6960536012758418 0
1616454230027 0.695791691477978 0
1616454230056 0.6977752787399945 0
1616454230090 0.6951836670740923 0
1616454230111 0.6940052168380102 0
1616454230168 0.699789669745457 0
1616454230224 0.6973498822605966 0
1616454230296 0.6969923130173145 0
1616454230313 0.6948864363468805 0
1616454230333 0.6944152162206565 0
1616454230381 0.7015110510312448 0
1616454230400 0.6974996278303319 0
1616454230452 0.6970678804802142 0
1616454230454 0.6970672848745938 0
1616454230536 0.6959435352853127 0
1616454230519 0.695677244356297 0
1616454230546 0.6965719120235123 0
1616454230615 0.6999804532975535 0
1616454230687 0.6968216065495966 0
1616454230717 0.6976076180387896 0
1616454230733 0.6978491680661532 0
1616454230770 0.6992029879079172 0
1616454230796 0.7001314523581113 0
1616454230857 0.6971200209700921 0
1616454230909 0.6980343277501111 0
1616454230954 0.700070589528033 0
1616454230982 0.7048104188591513 0
1616454230995 0.6966174432396526 0
1616454231056 0.6964983302400075 0
1616454231082 0.6967763548176391 0
1616454231107 0.6969403093282669 0
1616454231188 0.697309640093136 0
1616454231226 0.6978377728818035 0
1616454231226 0.6980637116206054 0
1616454231242 0.6967664581902384 0
1616454231281 0.6956439591117749 0
1616454231368 0.7038164709766617 0
1616454231400 0.693584557369333 0
