1616454228935 0.5333333333333333 0
1616454228935 0.5366666666666666 0
1616454228935 0.5366666666666666 0
1616454228940 0.54 0
1616454228947 0.5514950166112956 0
1616454228947 0.5548172757475083 0
1616454228951 0.5382059800664452 0
1616454228954 0.5514950166112956 0
1616454228954 0.5448504983388704 0
1616454228960 0.5481727574750831 0
1616454228967 0.5481727574750831 0
1616454228973 0.5382059800664452 0
1616454228977 0.5448504983388704 0
1616454228980 0.5548172757475083 0
1616454228991 0.5448504983388704 0
1616454228996 0.5348837209302325 0
1616454229008 0.5415282392026578 0
1616454229018 0.5481727574750831 0
1616454229023 0.5448504983388704 0
1616454229034 0.5514950166112956 0
1616454229039 0.5415282392026578 0
1616454229052 0.5348837209302325 0
1616454229058 0.5481727574750831 0
1616454229067 0.5382059800664452 0
1616454229073 0.5448504983388704 0
1616454229079 0.5415282392026578 0
1616454229091 0.5415282392026578 0
1616454229105 0.5448504983388704 0
1616454229111 0.5481727574750831 0
1616454229123 0.5415282392026578 0
1616454229135 0.5581395348837209 0
1616454229177 0.5348837209302325 0
1616454229185 0.5382059800664452 0
1616454229199 0.5448504983388704 0
1616454229205 0.5514950166112956 0
1616454229213 0.5415282392026578 0
1616454229278 0.5415282392026578 0
1616454229299 0.5415282392026578 0
1616454229321 0.5415282392026578 0
1616454229325 0.5348837209302325 0
1616454229377 0.5382059800664452 0
1616454229396 0.5514950166112956 0
1616454229415 0.5514950166112956 0
1616454229447 0.53156146179402 0
1616454229478 0.5448504983388704 0
1616454229485 0.5415282392026578 0
1616454229545 0.5348837209302325 0
1616454229550 0.5481727574750831 0
1616454229552 0.5415282392026578 0
1616454229581 0.5514950166112956 0
1616454229632 0.5448504983388704 0
1616454229659 0.5348837209302325 0
1616454229675 0.5382059800664452 0
1616454229705 0.5448504983388704 0
1616454229715 0.5481727574750831 0
1616454229752 0.5415282392026578 0
1616454229785 0.5382059800664452 0
1616454229807 0.5514950166112956 0
1616454229839 0.5581395348837209 0
1616454229914 0.5448504983388704 0
1616454229915 0.5382059800664452 0
1616454229955 0.5382059800664452 0
1616454229989 0.5548172757475083 0
1616454230027 0.53156146179402 0
1616454230056 0.5481727574750831 0
1616454230090 0.5348837209302325 0
1616454230111 0.5481727574750831 0
1616454230168 0.5448504983388704 0
1616454230224 0.5514950166112956 0
1616454230296 0.5448504983388704 0
1616454230313 0.5348837209302325 0
1616454230333 0.5448504983388704 0
1616454230381 0.5415282392026578 0
1616454230400 0.5415282392026578 0
1616454230452 0.5415282392026578 0
1616454230454 0.5415282392026578 0
1616454230536 0.5415282392026578 0
1616454230519 0.5415282392026578 0
1616454230546 0.5448504983388704 0
1616454230615 0.5514950166112956 0
1616454230687 0.5514950166112956 0
1616454230717 0.5382059800664452 0
1616454230733 0.5448504983388704 0
1616454230770 0.5415282392026578 0
1616454230796 0.5548172757475083 0
1616454230857 0.5481727574750831 0
1616454230909 0.5382059800664452 0
1616454230954 0.5382059800664452 0
1616454230982 0.5481727574750831 0
1616454230995 0.5348837209302325 0
1616454231056 0.5415282392026578 0
1616454231082 0.5448504983388704 0
1616454231107 0.5448504983388704 0
1616454231188 0.5415282392026578 0
1616454231226 0.5448504983388704 0
1616454231226 0.5548172757475083 0
1616454231242 0.5415282392026578 0
1616454231281 0.5415282392026578 0
1616454231368 0.5448504983388704 0
1616454231400 0.5448504983388704 0
