1616454228935 0.9057570529784168 0
1616454228935 0.9035518739733728 0
1616454228935 0.9062001915567809 0
1616454228940 0.9010176151219474 0
1616454228947 0.9034714591463724 0
1616454228947 0.9060819100821108 0
1616454228951 0.9073112888886824 0
1616454228954 0.9029742982674124 0
1616454228954 0.8968918698195684 0
1616454228960 0.9034103003371632 0
1616454228967 0.9001816613890605 0
1616454228973 0.9067886260879388 0
1616454228977 0.9051075237086198 0
1616454228980 0.9019973892451241 0
1616454228992 0.9052305749488898 0
1616454228996 0.9057649000194857 0
1616454229008 0.9040130967058323 0
1616454229018 0.9019383793072984 0
1616454229023 0.9040834248344862 0
1616454229034 0.9021416285691961 0
1616454229039 0.9057452799899797 0
1616454229052 0.9058419116942042 0
1616454229058 0.9021431461545022 0
1616454229067 0.9037390548167508 0
1616454229073 0.907609790034115 0
1616454229079 0.9098430517345962 0
1616454229091 0.9094333289265374 0
1616454229105 0.9058115210240526 0
1616454229111 0.9064854214685657 0
1616454229123 0.9086515082369389 0
1616454229135 0.8974389089072378 0
1616454229177 0.9075818376547864 0
1616454229185 0.9061024475182158 0
1616454229199 0.9054706864228913 0
1616454229205 0.9034091795094069 0
1616454229213 0.9070754783213919 0
1616454229278 0.9076745724548319 0
1616454229299 0.903773309669477 0
1616454229321 0.9053207906591528 0
1616454229325 0.9091549891976225 0
1616454229377 0.9094199892487682 0
1616454229396 0.9013682251402363 0
1616454229415 0.9013774203515118 0
1616454229447 0.9056733056080399 0
1616454229478 0.9080529573888723 0
1616454229485 0.9083109233654388 0
1616454229545 0.9096494211168094 0
1616454229550 0.8987851723285643 0
1616454229552 0.9065132531546009 0
1616454229581 0.8985816538247404 0
1616454229632 0.9078132082128125 0
1616454229659 0.9079747977082994 0
1616454229675 0.8997527000353924 0
1616454229705 0.9064319753578481 0
1616454229715 0.9002642506834443 0
1616454229752 0.9037700264803249 0
1616454229785 0.9096607806133022 0
1616454229807 0.9053148559726345 0
1616454229839 0.8993003337800647 0
1616454229914 0.9034738444228019 0
1616454229915 0.9068680920659402 0
1616454229955 0.9063372155507544 0
1616454229989 0.9027361422572125 0
1616454230027 0.9040662064340783 0
1616454230056 0.9076866488165635 0
1616454230090 0.9108266459242945 0
1616454230111 0.9052088043557777 0
1616454230168 0.9055556328094129 0
1616454230224 0.9056020246516343 0
1616454230296 0.9065985865749633 0
1616454230313 0.9099602876130981 0
1616454230333 0.9077714512564844 0
1616454230381 0.9031292986518726 0
1616454230400 0.9029975767226173 0
1616454230452 0.9057366071454557 0
1616454230454 0.9057696651794108 0
1616454230536 0.9061799526858266 0
1616454230519 0.9088520060666428 0
1616454230546 0.9021823378345581 0
1616454230615 0.8984357540800024 0
1616454230687 0.9005434640321476 0
1616454230717 0.9028356251103601 0
1616454230733 0.9048859812379656 0
1616454230770 0.9071663886598514 0
1616454230796 0.9024379765818552 0
1616454230857 0.9046802778246807 0
1616454230909 0.9080261591470561 0
1616454230954 0.9070772632813273 0
1616454230982 0.895346582725078 0
1616454230995 0.9079373417315219 0
1616454231056 0.9070768726661863 0
1616454231082 0.9082711313739358 0
1616454231107 0.9038238325870063 0
1616454231188 0.9075894745141733 0
1616454231226 0.9046162092471423 0
1616454231226 0.9048561416172849 0
1616454231242 0.9039781223178153 0
1616454231281 0.9074066221935692 0
1616454231368 0.8979151680920812 0
1616454231400 0.9082372848900534 0
