1616454228935 0.473527592855324 0
1616454228935 0.4759615018105584 0
1616454228935 0.48584460312749156 0
1616454228940 0.48622213201686576 0
1616454228947 0.5049891360164414 0
1616454228947 0.5020356769067383 0
1616454228951 0.47820396657605957 0
1616454228954 0.49427793330662645 0
1616454228954 0.4942873881512155 0
1616454228960 0.4967957498901816 0
1616454228967 0.49411037184955386 0
1616454228973 0.48158231070975926 0
1616454228977 0.48909659448370074 0
1616454228980 0.5013079513905511 0
1616454228991 0.49415513258201677 0
1616454228996 0.4808889905892963 0
1616454229008 0.48639455782312935 0
1616454229018 0.4962251973492571 0
1616454229023 0.49678899899920714 0
1616454229034 0.49840177510177913 0
1616454229039 0.4855699913359948 0
1616454229052 0.4804763644164594 0
1616454229058 0.48985761160863756 0
1616454229067 0.4832423885274303 0
1616454229073 0.48539525265867983 0
1616454229079 0.48416500062184775 0
1616454229091 0.4870527412369072 0
1616454229105 0.4870095921745462 0
1616454229111 0.4919013897325109 0
1616454229123 0.4855818640979217 0
1616454229135 0.5124305856221206 0
1616454229177 0.48363203315985376 0
1616454229185 0.4829582223134264 0
1616454229199 0.4930278218454526 0
1616454229205 0.494061637035656 0
1616454229213 0.4855818640979217 0
1616454229278 0.4842796738145575 0
1616454229299 0.4855818640979217 0
1616454229321 0.4861695553214621 0
1616454229325 0.47759749120899564 0
1616454229377 0.4822672665952501 0
1616454229396 0.5002419894273226 0
1616454229415 0.4954553520721232 0
1616454229447 0.47306853617446615 0
1616454229478 0.49679546290894555 0
1616454229485 0.48603519463997913 0
1616454229545 0.47578752063377056 0
1616454229550 0.4930164000644811 0
1616454229552 0.48887795482036833 0
1616454229581 0.5037729458063327 0
1616454229632 0.488671646040743 0
1616454229659 0.4804763644164594 0
1616454229675 0.4825133530949319 0
1616454229705 0.49018645405797023 0
1616454229714 0.49713628862496695 0
1616454229752 0.48421818539183603 0
1616454229785 0.4803203736969225 0
1616454229807 0.49851216683631067 0
1616454229839 0.5075973224904283 0
1616454229914 0.4942480188161284 0
1616454229915 0.48034135317032 0
1616454229955 0.4834254555673955 0
1616454229989 0.5027762693987541 0
1616454230027 0.4750320879446651 0
1616454230056 0.49083019018119073 0
1616454230090 0.4783556152911624 0
1616454230111 0.49164932691573854 0
1616454230168 0.49232130405995306 0
1616454230224 0.49777907585216546 0
1616454230296 0.4924536846235111 0
1616454230313 0.4768603909761293 0
1616454230333 0.48625844307757105 0
1616454230381 0.48440890010442283 0
1616454230400 0.48706237947644815 0
1616454230452 0.4861695553214621 0
1616454230454 0.4851240813450115 0
1616454230536 0.48365578035256607 0
1616454230519 0.48603519463997913 0
1616454230546 0.4861440233887406 0
1616454230615 0.4941640738982932 0
1616454230687 0.49473439009620335 0
1616454230717 0.4805522794578882 0
1616454230733 0.4889031511124534 0
1616454230770 0.4861472388563586 0
1616454230796 0.5097924515305178 0
1616454230857 0.4920093950353569 0
1616454230909 0.48339898260755443 0
1616454230954 0.48204046476471724 0
1616454230982 0.4929140594139122 0
1616454230995 0.4783556152911624 0
1616454231056 0.48682043088681426 0
1616454231082 0.4868878831097746 0
1616454231107 0.4867015949123211 0
1616454231188 0.48440890010442283 0
1616454231226 0.49039150833452555 0
1616454231226 0.5033221071916092 0
1616454231242 0.4842103131770486 0
1616454231281 0.4882797534003359 0
1616454231368 0.4887327458311775 0
1616454231400 0.4895105862981458 0
