1616454201049 0.26350084908566557 0
1616454201052 0.2588371055809508 0
1616454201062 0.26130098810249175 0
1616454201070 0.2592979235113487 0
1616454201075 0.2618681529886604 0
1616454201081 0.2610168714055482 0
1616454201084 0.26479697743634417 0
1616454201090 0.2608526806406833 0
1616454201112 0.26197073425659784 0
1616454201115 0.26298964032180905 0
1616454201120 0.2601368991473467 0
1616454201145 0.26159424273388354 0
1616454201145 0.26090897924261874 0
1616454201143 0.2624273366235667 0
1616454201169 0.2632322409456358 0
1616454201171 0.2614464978154343 0
1616454201176 0.26354565707415134 0
1616454201193 0.2630553647560778 0
1616454201253 0.2603271582105653 0
1616454201256 0.26105785729695863 0
1616454201258 0.2635159432816192 0
1616454201270 0.25839487743557515 0
1616454201283 0.2621824769991512 0
1616454201292 0.25977850085853527 0
1616454201310 0.25912294998688407 0
1616454201324 0.25881944932068496 0
1616454201321 0.261962827155387 0
1616454201348 0.25995354437113805 0
1616454201359 0.2582966521927236 0
1616454201392 0.2648254630812771 0
1616454201457 0.26139415361488616 0
1616454201558 0.2602385976396722 0
1616454201575 0.2582955277280859 0
1616454201608 0.26495290643791625 0
1616454201595 0.2602221603970373 0
1616454201615 0.2624721248805352 0
1616454201649 0.2610872063605377 0
1616454201656 0.2619207579672696 0
1616454201661 0.2601964983292871 0
1616454201664 0.26213280943552225 0
1616454201668 0.26244526084792225 0
1616454201669 0.2613493893724828 0
1616454201667 0.26130098810249175 0
1616454201682 0.2640927255268555 0
1616454201694 0.2620241010858493 0
1616454201718 0.2616967440151997 0
1616454201741 0.26033759565089043 0
1616454201738 0.2639889081226317 0
1616454201761 0.2620763990641458 0
1616454201781 0.2614268074619448 0
1616454201815 0.26465549112912057 0
1616454201850 0.26121101103124816 0
1616454201851 0.261076168574854 0
1616454201882 0.26081456089664024 0
1616454201901 0.2617178454619668 0
1616454201886 0.2637450921171851 0
1616454201923 0.2632022193280977 0
1616454201988 0.2599912195432291 0
1616454201993 0.2626720670870474 0
1616454202033 0.26183632151054526 0
1616454202063 0.2614770284983675 0
1616454202099 0.2633883558302163 0
1616454202145 0.2613493893724828 0
1616454202147 0.2623981912667801 0
1616454202158 0.2627825213460573 0
1616454202225 0.2622960298085571 0
1616454202202 0.26165708128681975 0
1616454202273 0.2619279571647182 0
1616454202366 0.263467667782001 0
1616454202371 0.2636766425227832 0
1616454202370 0.2634005938576909 0
1616454202387 0.2630434223292115 0
1616454202475 0.2608857973141674 0
1616454202499 0.2605973728077607 0
1616454202507 0.26145228914536905 0
1616454202710 0.2615055325506341 0
1616454202762 0.260695418734244 0
1616454202785 0.2613183696621019 0
1616454202794 0.2613870342614041 0
1616454202854 0.26271134597850426 0
1616454202882 0.26200695533220353 0
1616454202890 0.2619186800137883 0
1616454202894 0.2601197967554358 0
1616454202902 0.2637994002114861 0
1616454202907 0.2619769673598285 0
1616454202987 0.2600595817828551 0
1616454203001 0.25990083396508584 0
1616454203013 0.262677312612244 0
1616454203016 0.2622301827453597 0
1616454203039 0.26210490776004103 0
1616454203121 0.2629860452659044 0
1616454203159 0.26184989593498054 0
1616454203168 0.26101532760834084 0
1616454203202 0.26370316071102423 0
1616454203206 0.26313190706018075 0
1616454203295 0.2617338966062733 0
1616454203390 0.2636601203674374 0
1616454203520 0.26189584312668984 0
1616454203524 0.2610345763963993 0
1616454203561 0.2607843101306912 0
