1616454200945 0.3697674418604651 0
1616454200948 0.36627906976744184 0
1616454200948 0.363953488372093 0
1616454200958 0.36511627906976746 0
1616454200966 0.36627906976744184 0
1616454200971 0.3686046511627907 0
1616454200972 0.36511627906976746 0
1616454200980 0.3686046511627907 0
1616454200982 0.36627906976744184 0
1616454200986 0.36627906976744184 0
1616454200996 0.36511627906976746 0
1616454200997 0.36627906976744184 0
1616454201002 0.3674418604651163 0
1616454201004 0.36511627906976746 0
1616454201009 0.37093023255813956 0
1616454201034 0.36511627906976746 0
1616454201036 0.363953488372093 0
1616454201038 0.36627906976744184 0
1616454201058 0.3686046511627907 0
1616454201045 0.3674418604651163 0
1616454201061 0.36627906976744184 0
1616454201091 0.3674418604651163 0
1616454201109 0.363953488372093 0
1616454201112 0.3686046511627907 0
1616454201114 0.3616279069767442 0
1616454201115 0.36627906976744184 0
1616454201116 0.363953488372093 0
1616454201125 0.36511627906976746 0
1616454201153 0.36511627906976746 0
1616454201179 0.37093023255813956 0
1616454201224 0.3674418604651163 0
1616454201326 0.363953488372093 0
1616454201339 0.3616279069767442 0
1616454201341 0.37093023255813956 0
1616454201346 0.3674418604651163 0
1616454201370 0.3686046511627907 0
1616454201364 0.36627906976744184 0
1616454201393 0.37093023255813956 0
1616454201400 0.3674418604651163 0
1616454201421 0.3686046511627907 0
1616454201428 0.36511627906976746 0
1616454201442 0.36627906976744184 0
1616454201456 0.36627906976744184 0
1616454201459 0.36511627906976746 0
1616454201475 0.36627906976744184 0
1616454201487 0.3674418604651163 0
1616454201500 0.36511627906976746 0
1616454201503 0.3697674418604651 0
1616454201497 0.3674418604651163 0
1616454201519 0.3674418604651163 0
1616454201591 0.3697674418604651 0
1616454201593 0.36627906976744184 0
1616454201598 0.3674418604651163 0
1616454201620 0.36511627906976746 0
1616454201628 0.36511627906976746 0
1616454201650 0.3697674418604651 0
1616454201671 0.3686046511627907 0
1616454201684 0.3697674418604651 0
1616454201709 0.36627906976744184 0
1616454201719 0.363953488372093 0
1616454201770 0.3686046511627907 0
1616454201818 0.3686046511627907 0
1616454201822 0.36627906976744184 0
1616454201855 0.3686046511627907 0
1616454201865 0.36627906976744184 0
1616454201915 0.3686046511627907 0
1616454201947 0.3674418604651163 0
1616454201970 0.3670150987224158 0
1616454202012 0.3674418604651163 0
1616454202038 0.3670150987224158 0
1616454202042 0.3693379790940767 0
1616454202078 0.3674418604651163 0
1616454202179 0.36469221835075494 0
1616454202180 0.36469221835075494 0
1616454202204 0.3670150987224158 0
1616454202401 0.36585365853658536 0
1616454202426 0.3670150987224158 0
1616454202468 0.36585365853658536 0
1616454202473 0.36585365853658536 0
1616454202474 0.3693379790940767 0
1616454202535 0.3670150987224158 0
1616454202517 0.3670150987224158 0
1616454202559 0.3670150987224158 0
1616454202569 0.36469221835075494 0
1616454202570 0.3670150987224158 0
1616454202622 0.3670150987224158 0
1616454202663 0.36585365853658536 0
1616454202646 0.3635307781649245 0
1616454202697 0.3693379790940767 0
1616454202725 0.3670150987224158 0
1616454202779 0.3681765389082462 0
1616454202834 0.3670150987224158 0
1616454202835 0.3670150987224158 0
1616454202825 0.36585365853658536 0
1616454202866 0.3693379790940767 0
1616454202970 0.3670150987224158 0
1616454203047 0.3681765389082462 0
1616454203077 0.3681765389082462 0
1616454203119 0.36469221835075494 0
1616454203166 0.36469221835075494 0
