1616454201049 0.3697674418604651 0
1616454201052 0.363953488372093 0
1616454201062 0.36511627906976746 0
1616454201070 0.36627906976744184 0
1616454201075 0.3686046511627907 0
1616454201081 0.36511627906976746 0
1616454201084 0.3686046511627907 0
1616454201090 0.36627906976744184 0
1616454201112 0.36511627906976746 0
1616454201115 0.36627906976744184 0
1616454201120 0.36511627906976746 0
1616454201145 0.36627906976744184 0
1616454201145 0.36627906976744184 0
1616454201143 0.3674418604651163 0
1616454201169 0.3674418604651163 0
1616454201171 0.3686046511627907 0
1616454201176 0.37093023255813956 0
1616454201193 0.36627906976744184 0
1616454201253 0.36511627906976746 0
1616454201256 0.36627906976744184 0
1616454201258 0.3686046511627907 0
1616454201270 0.363953488372093 0
1616454201283 0.3674418604651163 0
1616454201292 0.36511627906976746 0
1616454201310 0.363953488372093 0
1616454201324 0.363953488372093 0
1616454201321 0.36627906976744184 0
1616454201348 0.36511627906976746 0
1616454201359 0.3616279069767442 0
1616454201392 0.37093023255813956 0
1616454201457 0.3674418604651163 0
1616454201558 0.3674418604651163 0
1616454201575 0.3616279069767442 0
1616454201608 0.37093023255813956 0
1616454201595 0.363953488372093 0
1616454201615 0.3686046511627907 0
1616454201649 0.3674418604651163 0
1616454201656 0.3686046511627907 0
1616454201661 0.36511627906976746 0
1616454201664 0.36627906976744184 0
1616454201668 0.36627906976744184 0
1616454201669 0.36627906976744184 0
1616454201667 0.36511627906976746 0
1616454201682 0.37093023255813956 0
1616454201694 0.36627906976744184 0
1616454201718 0.3674418604651163 0
1616454201741 0.3674418604651163 0
1616454201738 0.3697674418604651 0
1616454201761 0.3674418604651163 0
1616454201781 0.36511627906976746 0
1616454201815 0.3697674418604651 0
1616454201850 0.3674418604651163 0
1616454201851 0.36511627906976746 0
1616454201882 0.36627906976744184 0
1616454201901 0.36511627906976746 0
1616454201886 0.3697674418604651 0
1616454201923 0.3686046511627907 0
1616454201988 0.363953488372093 0
1616454201993 0.3697674418604651 0
1616454202033 0.36627906976744184 0
1616454202063 0.36627906976744184 0
1616454202099 0.3686046511627907 0
1616454202145 0.36627906976744184 0
1616454202147 0.3686046511627907 0
1616454202158 0.3686046511627907 0
1616454202225 0.3686046511627907 0
1616454202202 0.3670150987224158 0
1616454202273 0.3674418604651163 0
1616454202366 0.3693379790940767 0
1616454202371 0.3670150987224158 0
1616454202370 0.3674418604651163 0
1616454202387 0.3674418604651163 0
1616454202475 0.3670150987224158 0
1616454202499 0.36469221835075494 0
1616454202507 0.36469221835075494 0
1616454202710 0.36585365853658536 0
1616454202762 0.3670150987224158 0
1616454202785 0.36585365853658536 0
1616454202794 0.36585365853658536 0
1616454202854 0.3670150987224158 0
1616454202882 0.3693379790940767 0
1616454202890 0.3670150987224158 0
1616454202894 0.36469221835075494 0
1616454202902 0.3670150987224158 0
1616454202907 0.3670150987224158 0
1616454202987 0.3635307781649245 0
1616454203001 0.36585365853658536 0
1616454203013 0.3693379790940767 0
1616454203016 0.3670150987224158 0
1616454203039 0.3670150987224158 0
1616454203121 0.3681765389082462 0
1616454203159 0.3670150987224158 0
1616454203168 0.36585365853658536 0
1616454203202 0.3693379790940767 0
1616454203206 0.3670150987224158 0
1616454203295 0.3670150987224158 0
1616454203390 0.3681765389082462 0
1616454203520 0.3681765389082462 0
1616454203524 0.36469221835075494 0
1616454203561 0.36469221835075494 0
