1616454201049 0.21465407888022164 0
1616454201052 0.20922536158917254 0
1616454201062 0.21278647309718265 0
1616454201070 0.21030136546337774 0
1616454201075 0.2135135171711922 0
1616454201081 0.21183886709952995 0
1616454201084 0.21603383952589394 0
1616454201090 0.21186964886740764 0
1616454201112 0.21323681984325865 0
1616454201115 0.21414402844668345 0
1616454201120 0.21197307184372774 0
1616454201145 0.21299628780434543 0
1616454201145 0.21204367196501878 0
1616454201143 0.21375106815726097 0
1616454201169 0.21418235587114862 0
1616454201171 0.21303605842102982 0
1616454201176 0.2150684700285668 0
1616454201193 0.21395540374455316 0
1616454201253 0.2112543923367923 0
1616454201256 0.21167800162313677 0
1616454201258 0.21446426175326097 0
1616454201270 0.21046720198239446 0
1616454201283 0.21341212632350637 0
1616454201292 0.21078626967704575 0
1616454201310 0.21018318571657185 0
1616454201324 0.21054686120664695 0
1616454201321 0.21340113685870174 0
1616454201348 0.21182152237260737 0
1616454201359 0.20984054524269363 0
1616454201392 0.21609630946439284 0
1616454201457 0.2130341336917054 0
1616454201558 0.21141209236259884 0
1616454201575 0.21021763663571427 0
1616454201608 0.21606572861702822 0
1616454201595 0.21169825793154076 0
1616454201615 0.21413731416939116 0
1616454201649 0.21292562578493784 0
1616454201656 0.21275821748733273 0
1616454201661 0.21126314451373246 0
1616454201664 0.2135322361914328 0
1616454201667 0.21278647309718265 0
1616454201668 0.21367805238604767 0
1616454201669 0.21265760221382332 0
1616454201682 0.21550408010464447 0
1616454201694 0.21310484742492564 0
1616454201718 0.21314494258997002 0
1616454201741 0.21177610946025854 0
1616454201738 0.21492176673154129 0
1616454201761 0.21307177210579936 0
1616454201781 0.21277046295163426 0
1616454201815 0.2157435099679978 0
1616454201850 0.21288603137039386 0
1616454201851 0.21201366570114114 0
1616454201882 0.21271986928853528 0
1616454201901 0.2132634310919855 0
1616454201886 0.2149908800729594 0
1616454201923 0.21432734291550323 0
1616454201988 0.21082271850299775 0
1616454201993 0.21318512226432376 0
1616454202033 0.21293962222950102 0
1616454202063 0.21263969865705862 0
1616454202099 0.21448522068405299 0
1616454202145 0.21265760221382332 0
1616454202147 0.21341494882566076 0
1616454202158 0.2138485467458726 0
1616454202225 0.21358398618222196 0
1616454202202 0.21331432794847427 0
1616454202273 0.2129574799018046 0
1616454202366 0.214427181015888 0
1616454202371 0.21472650002680707 0
1616454202370 0.21479127896658592 0
1616454202387 0.21449720073934456 0
1616454202475 0.21214943584867166 0
1616454202499 0.21252611236254007 0
1616454202507 0.2127435131872761 0
1616454202710 0.2126121072528966 0
1616454202762 0.21239814464908555 0
1616454202785 0.21244776377842137 0
1616454202794 0.21225829103734561 0
1616454202854 0.21368684838260163 0
1616454202882 0.21365431678632302 0
1616454202890 0.2137723456371022 0
1616454202894 0.21186712153608672 0
1616454202902 0.21508850735745552 0
1616454202907 0.2130582364028688 0
1616454202987 0.2118840922065395 0
1616454203001 0.21127123238716958 0
1616454203013 0.21405108815377996 0
1616454203016 0.2135025547631851 0
1616454203039 0.21304236888059055 0
1616454203121 0.21435473143961414 0
1616454203159 0.21307831134054925 0
1616454203168 0.21183690028859523 0
1616454203202 0.2151590474343565 0
1616454203206 0.21425927405549514 0
1616454203295 0.213118132331312 0
1616454203390 0.2147904559938012 0
1616454203520 0.2134622574450419 0
1616454203524 0.21217429142434616 0
1616454203561 0.21229574922155714 0
