1616454212255 0.7372266139657444 0
1616454212263 0.7314083172516906 0
1616454212264 0.7290258445873063 0
1616454212272 0.7438738738738738 0
1616454212273 0.7188669908223152 0
1616454212280 0.7239269715791454 0
1616454212288 0.7361129196072814 0
1616454212298 0.7203931680907498 0
1616454212300 0.7279829589490736 0
1616454212310 0.7337009067954405 0
1616454212319 0.7150132390777608 0
1616454212323 0.7237557729732408 0
1616454212324 0.7313880105138162 0
1616454212326 0.7129503699632257 0
1616454212374 0.7313880105138162 0
1616454212378 0.7324170564201145 0
1616454212378 0.7324085346980045 0
1616454212402 0.7229538041219146 0
1616454212414 0.7517488289552423 0
1616454212422 0.7202579328746698 0
1616454212426 0.7238717883716482 0
1616454212435 0.7197713049524841 0
1616454212447 0.7357944080456795 0
1616454212458 0.7217832197885563 0
1616454212481 0.731480675041051 0
1616454212490 0.7290258445873063 0
1616454212504 0.724094288878342 0
1616454212512 0.7299227121364712 0
1616454212527 0.7274004674457811 0
1616454212536 0.722516581116429 0
1616454212554 0.7359939595288433 0
1616454212631 0.734737131555501 0
1616454212637 0.7290258445873063 0
1616454212692 0.7319388184334487 0
1616454212703 0.7374655213955464 0
1616454212741 0.7199663459464124 0
1616454212743 0.7299227121364712 0
1616454212774 0.7314301979314188 0
1616454212799 0.7375358046469274 0
1616454212817 0.7313880105138162 0
1616454212826 0.7215593072281453 0
1616454212839 0.7300461456647663 0
1616454212863 0.7279829589490736 0
1616454212874 0.7351528432241156 0
1616454212881 0.7324085346980045 0
1616454212893 0.7253038678987271 0
1616454212925 0.7370348451348776 0
1616454212936 0.7390341339908519 0
1616454212986 0.7328409350104101 0
1616454213041 0.7254715839824303 0
1616454213081 0.7308563292426605 0
1616454213085 0.7308613149965232 0
1616454213109 0.7279829589490736 0
1616454213148 0.7337672927548657 0
1616454213182 0.7304314622254823 0
1616454213203 0.7216349541930936 0
1616454213219 0.7265817800749849 0
1616454213255 0.7217307388071507 0
1616454213300 0.7279167345144647 0
1616454213315 0.7417715205113322 0
1616454213409 0.7351837959489872 0
1616454213434 0.7186908704515939 0
1616454213449 0.7337672927548657 0
1616454213491 0.7046616857834368 0
1616454213503 0.7483088500180123 0
1616454213529 0.734737131555501 0
1616454213568 0.7384376893128209 0
1616454213595 0.7055345934722215 0
1616454213640 0.7337982454797374 0
1616454213692 0.7300461456647663 0
1616454213709 0.7337982454797374 0
1616454213727 0.7250237304224015 0
1616454213747 0.7193174786468459 0
1616454213762 0.7351837959489872 0
1616454213780 0.7117463829520133 0
1616454213923 0.734737131555501 0
1616454213910 0.7203647197754766 0
1616454213977 0.7242819574073119 0
1616454213978 0.7093921578005639 0
1616454214056 0.7293443855729058 0
1616454214121 0.7306498482216259 0
1616454214122 0.7313166834212169 0
1616454214142 0.7157225323045139 0
1616454214148 0.7308563292426605 0
1616454214155 0.7483191732433391 0
1616454214230 0.7367685205160288 0
1616454214263 0.7337672927548657 0
1616454214325 0.724898082211055 0
1616454214352 0.734737131555501 0
1616454214416 0.7189723792831543 0
1616454214425 0.731755792380377 0
1616454214490 0.736133115711453 0
1616454214490 0.726395884685457 0
1616454214552 0.7189723792831543 0
1616454214566 0.7267587573585126 0
1616454214641 0.7299563703318256 0
1616454214655 0.7286932571966711 0
1616454214658 0.7150132390777608 0
1616454214667 0.7318636579367476 0
1616454214713 0.7332026687238231 0
