1616454212255 0.66 0
1616454212263 0.6666666666666666 0
1616454212264 0.6611295681063123 0
1616454212272 0.6633333333333333 0
1616454212273 0.6611295681063123 0
1616454212280 0.66 0
1616454212288 0.6710963455149501 0
1616454212298 0.6611295681063123 0
1616454212300 0.6611295681063123 0
1616454212310 0.6611295681063123 0
1616454212319 0.6445182724252492 0
1616454212323 0.6611295681063123 0
1616454212324 0.6644518272425249 0
1616454212326 0.6511627906976745 0
1616454212374 0.6644518272425249 0
1616454212378 0.6611295681063123 0
1616454212378 0.6644518272425249 0
1616454212402 0.654485049833887 0
1616454212414 0.6578073089700996 0
1616454212422 0.6511627906976745 0
1616454212426 0.6611295681063123 0
1616454212435 0.6445182724252492 0
1616454212447 0.6644518272425249 0
1616454212458 0.654485049833887 0
1616454212481 0.6511627906976745 0
1616454212490 0.6611295681063123 0
1616454212504 0.654485049833887 0
1616454212512 0.6677740863787376 0
1616454212527 0.6644518272425249 0
1616454212536 0.6578073089700996 0
1616454212554 0.6644518272425249 0
1616454212631 0.6677740863787376 0
1616454212637 0.6611295681063123 0
1616454212692 0.6644518272425249 0
1616454212703 0.6710963455149501 0
1616454212741 0.654485049833887 0
1616454212743 0.6677740863787376 0
1616454212774 0.6644518272425249 0
1616454212799 0.6744186046511628 0
1616454212817 0.6644518272425249 0
1616454212826 0.6511627906976745 0
1616454212839 0.6611295681063123 0
1616454212863 0.6611295681063123 0
1616454212874 0.6710963455149501 0
1616454212881 0.6644518272425249 0
1616454212893 0.6644518272425249 0
1616454212925 0.6710963455149501 0
1616454212936 0.6677740863787376 0
1616454212986 0.6677740863787376 0
1616454213041 0.6511627906976745 0
1616454213081 0.6677740863787376 0
1616454213085 0.6611295681063123 0
1616454213109 0.6611295681063123 0
1616454213148 0.6677740863787376 0
1616454213182 0.6644518272425249 0
1616454213203 0.6578073089700996 0
1616454213219 0.6578073089700996 0
1616454213255 0.6644518272425249 0
1616454213300 0.6611295681063123 0
1616454213315 0.6478405315614618 0
1616454213409 0.6710963455149501 0
1616454213434 0.654485049833887 0
1616454213449 0.6677740863787376 0
1616454213491 0.6345514950166113 0
1616454213503 0.6644518272425249 0
1616454213530 0.6677740863787376 0
1616454213568 0.6744186046511628 0
1616454213595 0.627906976744186 0
1616454213640 0.6677740863787376 0
1616454213692 0.6611295681063123 0
1616454213709 0.6677740863787376 0
1616454213727 0.6611295681063123 0
1616454213747 0.6478405315614618 0
1616454213762 0.6710963455149501 0
1616454213780 0.6578073089700996 0
1616454213923 0.6677740863787376 0
1616454213910 0.6511627906976745 0
1616454213977 0.6578073089700996 0
1616454213978 0.6378737541528239 0
1616454214056 0.6644518272425249 0
1616454214121 0.6511627906976745 0
1616454214122 0.6611295681063123 0
1616454214143 0.6411960132890365 0
1616454214148 0.6677740863787376 0
1616454214155 0.654485049833887 0
1616454214230 0.6644518272425249 0
1616454214263 0.6677740863787376 0
1616454214325 0.6578073089700996 0
1616454214352 0.6677740863787376 0
1616454214416 0.6478405315614618 0
1616454214425 0.6677740863787376 0
1616454214490 0.6710963455149501 0
1616454214491 0.6644518272425249 0
1616454214552 0.6478405315614618 0
1616454214566 0.6677740863787376 0
1616454214641 0.6677740863787376 0
1616454214655 0.654485049833887 0
1616454214658 0.6445182724252492 0
1616454214667 0.6677740863787376 0
1616454214713 0.6644518272425249 0
