1616454212232 0.66 0
1616454212236 0.6666666666666666 0
1616454212241 0.6611295681063123 0
1616454212244 0.6633333333333333 0
1616454212250 0.6611295681063123 0
1616454212253 0.66 0
1616454212264 0.6710963455149501 0
1616454212270 0.6611295681063123 0
1616454212277 0.6611295681063123 0
1616454212283 0.6611295681063123 0
1616454212295 0.6445182724252492 0
1616454212296 0.6611295681063123 0
1616454212299 0.6644518272425249 0
1616454212300 0.6511627906976745 0
1616454212339 0.6644518272425249 0
1616454212342 0.6644518272425249 0
1616454212355 0.6611295681063123 0
1616454212359 0.654485049833887 0
1616454212370 0.6578073089700996 0
1616454212379 0.6511627906976745 0
1616454212392 0.6445182724252492 0
1616454212404 0.6611295681063123 0
1616454212404 0.6644518272425249 0
1616454212414 0.654485049833887 0
1616454212438 0.6511627906976745 0
1616454212447 0.6611295681063123 0
1616454212460 0.654485049833887 0
1616454212470 0.6677740863787376 0
1616454212484 0.6644518272425249 0
1616454212493 0.6578073089700996 0
1616454212510 0.6644518272425249 0
1616454212570 0.6677740863787376 0
1616454212594 0.6611295681063123 0
1616454212634 0.6710963455149501 0
1616454212649 0.6644518272425249 0
1616454212690 0.6677740863787376 0
1616454212699 0.654485049833887 0
1616454212700 0.6644518272425249 0
1616454212738 0.6644518272425249 0
1616454212744 0.6511627906976745 0
1616454212756 0.6744186046511628 0
1616454212775 0.6611295681063123 0
1616454212781 0.6611295681063123 0
1616454212805 0.6710963455149501 0
1616454212812 0.6644518272425249 0
1616454212826 0.6644518272425249 0
1616454212870 0.6677740863787376 0
1616454212883 0.6710963455149501 0
1616454212908 0.6677740863787376 0
1616454212961 0.6511627906976745 0
1616454212979 0.6677740863787376 0
1616454213003 0.6611295681063123 0
1616454213028 0.6611295681063123 0
1616454213072 0.6677740863787376 0
1616454213083 0.6644518272425249 0
1616454213108 0.6578073089700996 0
1616454213137 0.6578073089700996 0
1616454213160 0.6644518272425249 0
1616454213197 0.6478405315614618 0
1616454213212 0.6611295681063123 0
1616454213312 0.6710963455149501 0
1616454213322 0.654485049833887 0
1616454213337 0.6677740863787376 0
1616454213393 0.6345514950166113 0
1616454213422 0.6644518272425249 0
1616454213435 0.6677740863787376 0
1616454213456 0.6744186046511628 0
1616454213517 0.627906976744186 0
1616454213546 0.6677740863787376 0
1616454213574 0.6677740863787376 0
1616454213610 0.6611295681063123 0
1616454213636 0.6478405315614618 0
1616454213646 0.6611295681063123 0
1616454213667 0.6710963455149501 0
1616454213685 0.6578073089700996 0
1616454213795 0.6511627906976745 0
1616454213797 0.6677740863787376 0
1616454213862 0.6578073089700996 0
1616454213872 0.6378737541528239 0
1616454213944 0.6644518272425249 0
1616454214006 0.6611295681063123 0
1616454214014 0.6511627906976745 0
1616454214053 0.6411960132890365 0
1616454214053 0.6677740863787376 0
1616454214073 0.654485049833887 0
1616454214185 0.6677740863787376 0
1616454214188 0.6644518272425249 0
1616454214235 0.6677740863787376 0
1616454214248 0.6578073089700996 0
1616454214311 0.6677740863787376 0
1616454214327 0.6478405315614618 0
1616454214390 0.6644518272425249 0
1616454214412 0.6710963455149501 0
1616454214461 0.6478405315614618 0
1616454214466 0.6677740863787376 0
1616454214525 0.6445182724252492 0
1616454214554 0.6677740863787376 0
1616454214572 0.6677740863787376 0
1616454214560 0.654485049833887 0
1616454214619 0.6644518272425249 0
