1616454212255 0.601558301461214 0
1616454212263 0.6102133138195267 0
1616454212264 0.6042395111764709 0
1616454212272 0.6016626602564104 0
1616454212273 0.602370935362618 0
1616454212280 0.596998087819389 0
1616454212288 0.6173755789404775 0
1616454212298 0.5995977953225086 0
1616454212300 0.6035225282389296 0
1616454212310 0.6049769539125917 0
1616454212319 0.5815015969011017 0
1616454212323 0.6059670505686708 0
1616454212324 0.6089887926859319 0
1616454212326 0.5888443427820141 0
1616454212374 0.6089887926859319 0
1616454212378 0.6024663127496086 0
1616454212378 0.6091487051091558 0
1616454212402 0.5948557899414544 0
1616454212414 0.593161549636431 0
1616454212422 0.5908726146339897 0
1616454212426 0.605472492983341 0
1616454212435 0.580006437870575 0
1616454212447 0.6070653725130246 0
1616454212458 0.5940577892562083 0
1616454212481 0.5878690126114055 0
1616454212490 0.6042395111764709 0
1616454212504 0.5956370339170043 0
1616454212512 0.61395829921796 0
1616454212527 0.6103595568139045 0
1616454212536 0.6014238205176736 0
1616454212554 0.6092431708343677 0
1616454212631 0.6133137692268077 0
1616454212637 0.6042395111764709 0
1616454212692 0.6048410868460541 0
1616454212703 0.6155066357724165 0
1616454212741 0.5971616132065704 0
1616454212743 0.61395829921796 0
1616454212774 0.6084752406443731 0
1616454212799 0.6208951618856253 0
1616454212817 0.6089887926859319 0
1616454212826 0.5912680291186956 0
1616454212839 0.6049424831820659 0
1616454212863 0.6035225282389296 0
1616454212874 0.6172658888186057 0
1616454212881 0.6091487051091558 0
1616454212893 0.6067534899678346 0
1616454212925 0.6174386908133843 0
1616454212936 0.6129068278085185 0
1616454212986 0.6120114378239707 0
1616454213041 0.590653012469532 0
1616454213081 0.6145677195127844 0
1616454213085 0.6060683911267121 0
1616454213109 0.6035225282389296 0
1616454213148 0.6132027516501333 0
1616454213182 0.6077886466339164 0
1616454213203 0.5974667085392529 0
1616454213219 0.5999604797586706 0
1616454213255 0.6080119109269254 0
1616454213300 0.6040036860101365 0
1616454213315 0.5793939251454449 0
1616454213409 0.616735066119471 0
1616454213434 0.5968888960740938 0
1616454213449 0.6132027516501333 0
1616454213503 0.6093400846798243 0
1616454213491 0.5669687897033641 0
1616454213530 0.6133137692268077 0
1616454213568 0.6209332855949398 0
1616454213595 0.5559753638468974 0
1616454213640 0.612668749755653 0
1616454213692 0.6049424831820659 0
1616454213709 0.612668749755653 0
1616454213727 0.605643300869739 0
1616454213747 0.58049562945797 0
1616454213762 0.616735066119471 0
1616454213780 0.5994707354493638 0
1616454213910 0.5904528273706956 0
1616454213923 0.6133137692268077 0
1616454213977 0.5988959361052384 0
1616454213978 0.5723480347753905 0
1616454214056 0.6075779378115069 0
1616454214121 0.588947900955333 0
1616454214122 0.6021107686560194 0
1616454214143 0.5740263401535202 0
1616454214148 0.6145677195127844 0
1616454214155 0.5914869436801374 0
1616454214230 0.6077776946084743 0
1616454214263 0.6132027516501333 0
1616454214325 0.6022885656809994 0
1616454214352 0.6133137692268077 0
1616454214416 0.5868522875407449 0
1616454214425 0.6123502952823852 0
1616454214490 0.6168210903503989 0
1616454214491 0.6096996938310207 0
1616454214552 0.5868522875407449 0
1616454214566 0.6108380082196877 0
1616454214641 0.6104494243460525 0
1616454214655 0.5940413745203607 0
1616454214658 0.5815015969011017 0
1616454214667 0.6113411840685914 0
1616454214713 0.6108202646370487 0
