1616454270253 0.6033333333333334 0
1616454270261 0.6079734219269103 0
1616454270269 0.5966666666666667 0
1616454270279 0.5966666666666667 0
1616454270280 0.6 0
1616454270289 0.6079734219269103 0
1616454270289 0.6146179401993356 0
1616454270300 0.5913621262458472 0
1616454270304 0.5946843853820598 0
1616454270305 0.6046511627906976 0
1616454270307 0.6013289036544851 0
1616454270307 0.6079734219269103 0
1616454270312 0.6046511627906976 0
1616454270334 0.6046511627906976 0
1616454270341 0.6079734219269103 0
1616454270357 0.6079734219269103 0
1616454270358 0.6179401993355482 0
1616454270376 0.6046511627906976 0
1616454270382 0.5913621262458472 0
1616454270384 0.5913621262458472 0
1616454270397 0.6013289036544851 0
1616454270404 0.6079734219269103 0
1616454270413 0.6046511627906976 0
1616454270427 0.6079734219269103 0
1616454270434 0.6013289036544851 0
1616454270444 0.6112956810631229 0
1616454270462 0.6013289036544851 0
1616454270472 0.6013289036544851 0
1616454270461 0.5946843853820598 0
1616454270487 0.5980066445182725 0
1616454270501 0.5980066445182725 0
1616454270618 0.6046511627906976 0
1616454270643 0.6079734219269103 0
1616454270667 0.6046511627906976 0
1616454270679 0.5980066445182725 0
1616454270680 0.6046511627906976 0
1616454270684 0.6013289036544851 0
1616454270689 0.5946843853820598 0
1616454270709 0.6013289036544851 0
1616454270712 0.6046511627906976 0
1616454270797 0.6112956810631229 0
1616454270856 0.6046511627906976 0
1616454270857 0.6179401993355482 0
1616454270860 0.5980066445182725 0
1616454270864 0.6079734219269103 0
1616454270869 0.6046511627906976 0
1616454270889 0.6046511627906976 0
1616454270897 0.5980066445182725 0
1616454270902 0.6013289036544851 0
1616454270932 0.6013289036544851 0
1616454270938 0.6013289036544851 0
1616454270949 0.6146179401993356 0
1616454270976 0.6013289036544851 0
1616454270999 0.6245847176079734 0
1616454271034 0.6046511627906976 0
1616454271065 0.6079734219269103 0
1616454271111 0.6146179401993356 0
1616454271137 0.5946843853820598 0
1616454271188 0.6046511627906976 0
1616454271167 0.6046511627906976 0
1616454271244 0.6112956810631229 0
1616454271288 0.5946843853820598 0
1616454271293 0.5946843853820598 0
1616454271293 0.6212624584717608 0
1616454271303 0.6046511627906976 0
1616454271364 0.5980066445182725 0
1616454271376 0.6046511627906976 0
1616454271386 0.6046511627906976 0
1616454271450 0.6046511627906976 0
1616454271503 0.6046511627906976 0
1616454271521 0.5980066445182725 0
1616454271540 0.6013289036544851 0
1616454271549 0.6046511627906976 0
1616454271602 0.6046511627906976 0
1616454271630 0.6013289036544851 0
1616454271636 0.6046511627906976 0
1616454271652 0.6046511627906976 0
1616454271674 0.6079734219269103 0
1616454271788 0.5980066445182725 0
1616454271790 0.5913621262458472 0
1616454271818 0.5880398671096345 0
1616454271870 0.584717607973422 0
1616454271899 0.6046511627906976 0
1616454271908 0.6112956810631229 0
1616454271893 0.5946843853820598 0
1616454271965 0.6013289036544851 0
1616454272034 0.6013289036544851 0
1616454272044 0.6079734219269103 0
1616454272098 0.6146179401993356 0
1616454272107 0.5980066445182725 0
1616454272174 0.6013289036544851 0
1616454272170 0.6046511627906976 0
1616454272275 0.6046511627906976 0
1616454272290 0.6013289036544851 0
1616454272289 0.6046511627906976 0
1616454272329 0.5913621262458472 0
1616454272482 0.5946843853820598 0
1616454272519 0.6112956810631229 0
1616454272546 0.6112956810631229 0
1616454272565 0.6046511627906976 0
