1616454270253 0.6723589212719648 0
1616454270261 0.6873349597283349 0
1616454270269 0.5358418125084792 0
1616454270279 0.663953823953824 0
1616454270280 0.6683294625082946 0
1616454270289 0.6815721179189814 0
1616454270289 0.6769561367767818 0
1616454270300 0.6583680151600562 0
1616454270304 0.5353997084603094 0
1616454270305 0.6754636559453835 0
1616454270307 0.6869022450417799 0
1616454270307 0.6943487731874269 0
1616454270312 0.6756020834093923 0
1616454270334 0.6780559898377957 0
1616454270341 0.6734772978959026 0
1616454270357 0.679294508501075 0
1616454270358 0.6817075845072628 0
1616454270376 0.6756020834093923 0
1616454270382 0.5478144452306991 0
1616454270384 0.6583680151600562 0
1616454270397 0.6716965346654703 0
1616454270404 0.6918224366026098 0
1616454270413 0.677889876880985 0
1616454270427 0.679294508501075 0
1616454270434 0.674211724045611 0
1616454270444 0.6847053033099545 0
1616454270462 0.6676755407983418 0
1616454270472 0.67435015150962 0
1616454270461 0.6661854424645122 0
1616454270487 0.6703203433809443 0
1616454270501 0.6729841310406095 0
1616454270618 0.6780559898377957 0
1616454270643 0.6904147938245065 0
1616454270667 0.677889876880985 0
1616454270679 0.6776737995501538 0
1616454270680 0.677889876880985 0
1616454270684 0.674211724045611 0
1616454270689 0.6661854424645122 0
1616454270709 0.67435015150962 0
1616454270712 0.677889876880985 0
1616454270797 0.6827994583293647 0
1616454270856 0.6757405108734013 0
1616454270857 0.6890939742370538 0
1616454270860 0.6729841310406095 0
1616454270864 0.6835117509536114 0
1616454270869 0.6737111028382997 0
1616454270889 0.6754636559453835 0
1616454270896 0.6889327992132123 0
1616454270902 0.6766757865937073 0
1616454270932 0.6766757865937073 0
1616454270938 0.6869022450417799 0
1616454270949 0.6941673608052098 0
1616454270976 0.6715882001284199 0
1616454270998 0.6969812404766069 0
1616454271034 0.6754636559453835 0
1616454271065 0.6822216543146776 0
1616454271111 0.6897500696768193 0
1616454271137 0.5489734458280552 0
1616454271188 0.6756020834093923 0
1616454271167 0.677889876880985 0
1616454271244 0.7143538212790767 0
1616454271288 0.5490103185930572 0
1616454271293 0.6597263034170096 0
1616454271293 0.6941375191309866 0
1616454271303 0.6756020834093923 0
1616454271364 0.6674720628209 0
1616454271376 0.677889876880985 0
1616454271386 0.6801776272298884 0
1616454271450 0.677889876880985 0
1616454271503 0.677889876880985 0
1616454271521 0.6674720628209 0
1616454271540 0.6766757865937073 0
1616454271549 0.6756020834093923 0
1616454271602 0.6836207738909518 0
1616454271630 0.6766757865937073 0
1616454271636 0.6714285714285714 0
1616454271652 0.6729886414796337 0
1616454271674 0.6791283955442643 0
1616454271788 0.6644518272425249 0
1616454271790 0.6583680151600562 0
1616454271818 0.6491920599197418 0
1616454271870 0.6881953771117553 0
1616454271899 0.6720684139288791 0
1616454271908 0.7142239622571602 0
1616454271893 0.6706730436598439 0
1616454271965 0.67435015150962 0
1616454272034 0.6766757865937073 0
1616454272044 0.6835117509536114 0
1616454272098 0.6842429860536786 0
1616454272107 0.6643169826069963 0
1616454272174 0.674211724045611 0
1616454272170 0.677889876880985 0
1616454272275 0.6756020834093923 0
1616454272290 0.674211724045611 0
1616454272289 0.6780559898377957 0
1616454272329 0.6583680151600562 0
1616454272482 0.6875984983868454 0
1616454272519 0.6908595280688304 0
1616454272546 0.6827994583293647 0
1616454272565 0.6728803069425833 0
