1616454270224 0.6033333333333334 0
1616454270234 0.6079734219269103 0
1616454270236 0.6 0
1616454270238 0.5966666666666667 0
1616454270243 0.5966666666666667 0
1616454270259 0.6146179401993356 0
1616454270259 0.5913621262458472 0
1616454270260 0.6079734219269103 0
1616454270268 0.5946843853820598 0
1616454270275 0.6046511627906976 0
1616454270279 0.6079734219269103 0
1616454270281 0.6013289036544851 0
1616454270281 0.6046511627906976 0
1616454270282 0.6046511627906976 0
1616454270307 0.6079734219269103 0
1616454270309 0.6179401993355482 0
1616454270327 0.6046511627906976 0
1616454270329 0.6079734219269103 0
1616454270331 0.5913621262458472 0
1616454270335 0.5913621262458472 0
1616454270349 0.6013289036544851 0
1616454270360 0.6079734219269103 0
1616454270361 0.6046511627906976 0
1616454270377 0.6079734219269103 0
1616454270384 0.6013289036544851 0
1616454270395 0.6112956810631229 0
1616454270407 0.5946843853820598 0
1616454270413 0.6013289036544851 0
1616454270421 0.6013289036544851 0
1616454270435 0.5980066445182725 0
1616454270451 0.5980066445182725 0
1616454270530 0.6046511627906976 0
1616454270536 0.6079734219269103 0
1616454270565 0.6046511627906976 0
1616454270578 0.5980066445182725 0
1616454270587 0.6013289036544851 0
1616454270605 0.6046511627906976 0
1616454270639 0.5946843853820598 0
1616454270653 0.6013289036544851 0
1616454270662 0.6046511627906976 0
1616454270719 0.6112956810631229 0
1616454270736 0.6046511627906976 0
1616454270748 0.6179401993355482 0
1616454270756 0.5980066445182725 0
1616454270758 0.6079734219269103 0
1616454270787 0.6046511627906976 0
1616454270810 0.5980066445182725 0
1616454270799 0.6013289036544851 0
1616454270820 0.6046511627906976 0
1616454270830 0.6013289036544851 0
1616454270841 0.6013289036544851 0
1616454270847 0.6146179401993356 0
1616454270875 0.6013289036544851 0
1616454270897 0.6245847176079734 0
1616454270933 0.6046511627906976 0
1616454270972 0.6079734219269103 0
1616454271010 0.6146179401993356 0
1616454271031 0.6046511627906976 0
1616454271038 0.5946843853820598 0
1616454271064 0.6046511627906976 0
1616454271139 0.6046511627906976 0
1616454271150 0.6112956810631229 0
1616454271151 0.6212624584717608 0
1616454271151 0.5946843853820598 0
1616454271194 0.5946843853820598 0
1616454271232 0.6046511627906976 0
1616454271242 0.6046511627906976 0
1616454271263 0.5980066445182725 0
1616454271300 0.6046511627906976 0
1616454271368 0.6046511627906976 0
1616454271374 0.6013289036544851 0
1616454271412 0.6046511627906976 0
1616454271414 0.5980066445182725 0
1616454271476 0.6046511627906976 0
1616454271483 0.6046511627906976 0
1616454271492 0.6013289036544851 0
1616454271530 0.6079734219269103 0
1616454271537 0.6046511627906976 0
1616454271613 0.5980066445182725 0
1616454271620 0.5913621262458472 0
1616454271657 0.5880398671096345 0
1616454271700 0.5946843853820598 0
1616454271716 0.584717607973422 0
1616454271737 0.6046511627906976 0
1616454271750 0.6112956810631229 0
1616454271819 0.6013289036544851 0
1616454271869 0.6013289036544851 0
1616454271881 0.6079734219269103 0
1616454271944 0.5980066445182725 0
1616454271949 0.6146179401993356 0
1616454272022 0.6013289036544851 0
1616454272096 0.6046511627906976 0
1616454272089 0.6013289036544851 0
1616454272140 0.6046511627906976 0
1616454272167 0.6046511627906976 0
1616454272211 0.5913621262458472 0
1616454272325 0.5946843853820598 0
1616454272364 0.6112956810631229 0
1616454272370 0.6112956810631229 0
1616454272372 0.6046511627906976 0
