1616454270253 0.5082430854079569 0
1616454270261 0.5193081901572978 0
1616454270269 0.4932201213818861 0
1616454270279 0.4976423610296054 0
1616454270280 0.5030001700506227 0
1616454270289 0.5181287233711408 0
1616454270289 0.531699692907016 0
1616454270300 0.48941070281073473 0
1616454270304 0.49093475942393716 0
1616454270305 0.5111957623524818 0
1616454270307 0.5069730122857629 0
1616454270307 0.5181249300843765 0
1616454270312 0.5113950316975203 0
1616454270334 0.5129096963393321 0
1616454270341 0.5181305969151515 0
1616454270357 0.5166733547602349 0
1616454270358 0.5406076279124125 0
1616454270376 0.5113950316975203 0
1616454270382 0.4856246448949671 0
1616454270384 0.48941070281073473 0
1616454270397 0.5060449170821777 0
1616454270404 0.5162070106164505 0
1616454270413 0.5126969171646234 0
1616454270427 0.5166733547602349 0
1616454270434 0.5074257583279235 0
1616454270444 0.5230315685660614 0
1616454270462 0.5102608234598958 0
1616454270472 0.50762114512663 0
1616454270461 0.4966659674227543 0
1616454270487 0.5020827845254506 0
1616454270501 0.5036641566075549 0
1616454270618 0.5129096963393321 0
1616454270643 0.5181464776896333 0
1616454270667 0.5126969171646234 0
1616454270679 0.5005308252527401 0
1616454270680 0.5126969171646234 0
1616454270684 0.5074257583279235 0
1616454270689 0.4966659674227543 0
1616454270709 0.50762114512663 0
1616454270712 0.5126969171646234 0
1616454270797 0.5218818471875867 0
1616454270856 0.5115893469725578 0
1616454270857 0.531825068076778 0
1616454270860 0.5036641566075549 0
1616454270864 0.5193015321030969 0
1616454270869 0.5168142558262923 0
1616454270889 0.5111957623524818 0
1616454270897 0.5004591781919375 0
1616454270902 0.5089455388416806 0
1616454270932 0.5089455388416806 0
1616454270938 0.5069730122857629 0
1616454270949 0.5296513223060064 0
1616454270976 0.5058629498047622 0
1616454270999 0.5432444570632114 0
1616454271034 0.5111957623524818 0
1616454271065 0.5166009831298795 0
1616454271111 0.5293940113762594 0
1616454271137 0.4880103527346204 0
1616454271188 0.5113950316975203 0
1616454271167 0.5126969171646234 0
1616454271244 0.5213220527223212 0
1616454271288 0.4893701077420723 0
1616454271293 0.4933637707625338 0
1616454271293 0.5383461418776468 0
1616454271303 0.5113950316975203 0
1616454271364 0.5004559334029709 0
1616454271376 0.5126969171646234 0
1616454271386 0.5141573732545004 0
1616454271450 0.5126969171646234 0
1616454271503 0.5126969171646234 0
1616454271521 0.5004559334029709 0
1616454271540 0.5089455388416806 0
1616454271549 0.5113950316975203 0
1616454271602 0.5142113372836947 0
1616454271630 0.5089455388416806 0
1616454271636 0.5154319764442882 0
1616454271652 0.509837287079192 0
1616454271674 0.5164564266408692 0
1616454271788 0.4989327201285354 0
1616454271790 0.48941070281073473 0
1616454271818 0.48187690862109467 0
1616454271870 0.47745320380377043 0
1616454271899 0.5141520304419673 0
1616454271908 0.518589747570404 0
1616454271893 0.4933370185264024 0
1616454271965 0.50762114512663 0
1616454272034 0.5089455388416806 0
1616454272044 0.5193015321030969 0
1616454272098 0.5258765909633076 0
1616454272107 0.5037087574913793 0
1616454272174 0.5074257583279235 0
1616454272170 0.5126969171646234 0
1616454272275 0.5113950316975203 0
1616454272290 0.5074257583279235 0
1616454272289 0.5129096963393321 0
1616454272329 0.48941070281073473 0
1616454272482 0.49651832854612576 0
1616454272519 0.5247273373128366 0
1616454272546 0.5218818471875867 0
1616454272565 0.5096516060514612 0
