1616454245815 0.40514233241505976 0
1616454245827 0.4052823315118398 0
1616454245828 0.41396825396825404 0
1616454245835 0.40900982701415806 0
1616454245843 0.3993956506718844 0
1616454245848 0.4042156837098509 0
1616454245851 0.40844880209599443 0
1616454245865 0.4101861865600224 0
1616454245869 0.41371691387466364 0
1616454245872 0.4123045300711026 0
1616454245938 0.41193244178174143 0
1616454245949 0.40157953352692766 0
1616454245956 0.4051676925126251 0
1616454245960 0.40324901742411534 0
1616454245980 0.4020991349589419 0
1616454245986 0.4123045300711026 0
1616454245993 0.3977039329506427 0
1616454246000 0.4106912799020596 0
1616454246021 0.40771199825717547 0
1616454246031 0.4169478815148107 0
1616454246042 0.4086021505376345 0
1616454246052 0.4078981084736548 0
1616454246073 0.4121663333430438 0
1616454246074 0.4086021505376345 0
1616454246087 0.41001912438631577 0
1616454246129 0.4080675225128467 0
1616454246120 0.40474170612078925 0
1616454246158 0.4078981084736548 0
1616454246162 0.3993956506718844 0
1616454246180 0.40265457063496385 0
1616454246217 0.4080675225128467 0
1616454246248 0.41111025264621803 0
1616454246291 0.4078981084736548 0
1616454246300 0.4031266494861365 0
1616454246309 0.40474170612078925 0
1616454246349 0.4117630277425495 0
1616454246395 0.40144669629637136 0
1616454246440 0.40844734569390084 0
1616454246445 0.4040290131909524 0
1616454246458 0.4080675225128467 0
1616454246502 0.40324901742411534 0
1616454246502 0.40875304540420826 0
1616454246517 0.40577663770140904 0
1616454246527 0.4042156837098509 0
1616454246534 0.40844880209599443 0
1616454246582 0.40725391875524786 0
1616454246624 0.40844880209599443 0
1616454246634 0.4042156837098509 0
1616454246896 0.4031117522858739 0
1616454246911 0.4086021505376345 0
1616454246920 0.41740534801474455 0
1616454246920 0.41371691387466364 0
1616454246937 0.3993956506718844 0
1616454246939 0.41247554413520326 0
1616454246924 0.40633167777428697 0
1616454246950 0.40844880209599443 0
1616454246935 0.4078981084736548 0
1616454246954 0.40725391875524786 0
1616454246956 0.4086021505376345 0
1616454246955 0.4080675225128467 0
1616454246948 0.4080675225128467 0
1616454246989 0.41353195441717583 0
1616454247010 0.4117630277425495 0
1616454247043 0.4086021505376345 0
1616454247064 0.4123221956935632 0
1616454247094 0.4078981084736548 0
1616454247140 0.4020991349589419 0
1616454247154 0.40474170612078925 0
1616454247190 0.4031117522858739 0
1616454247286 0.40474170612078925 0
1616454247280 0.4031266494861365 0
1616454247316 0.4115909030787305 0
1616454247384 0.41001912438631577 0
1616454247408 0.4086021505376345 0
1616454247426 0.4101861865600224 0
1616454247555 0.4031117522858739 0
1616454247563 0.4123221956935632 0
1616454247558 0.40725391875524786 0
1616454247608 0.4069780710173169 0
1616454247662 0.4177671630694886 0
1616454247681 0.4031117522858739 0
1616454247722 0.4115909030787305 0
1616454247710 0.4174248893477481 0
1616454247847 0.39773650437291963 0
1616454248340 0.4066034375865663 0
1616454248410 0.4020991349589419 0
1616454248477 0.4138866705995592 0
1616454248482 0.41111025264621803 0
1616454248488 0.40489260098736307 0
1616454248489 0.41247554413520326 0
1616454248494 0.4080675225128467 0
1616454248496 0.40635676275544186 0
1616454248504 0.4130758210627228 0
1616454248494 0.4068281878832078 0
1616454248517 0.40633167777428697 0
1616454248517 0.4130758210627228 0
1616454248531 0.4078981084736548 0
1616454248513 0.4042156837098509 0
1616454248539 0.4044217254826699 0
1616454248536 0.4121663333430438 0
