1616454245815 0.3802934004876684 0
1616454245827 0.38136866930487273 0
1616454245828 0.3929470735662686 0
1616454245835 0.3905644161969861 0
1616454245843 0.3764107693590064 0
1616454245848 0.3842856191339875 0
1616454245851 0.3865017012683867 0
1616454245865 0.39224069925215355 0
1616454245869 0.3935682505623499 0
1616454245872 0.39667496202250246 0
1616454245938 0.3917513700018811 0
1616454245949 0.38172880067671106 0
1616454245956 0.38322851667054875 0
1616454245960 0.3801267777261776 0
1616454245980 0.3802313091699348 0
1616454245986 0.39667496202250246 0
1616454245993 0.37118951588186977 0
1616454246000 0.39195513164005286 0
1616454246021 0.3902696574511917 0
1616454246031 0.3972922339070267 0
1616454246042 0.3876437278464598 0
1616454246052 0.3868334896017461 0
1616454246073 0.3891141980264051 0
1616454246074 0.3876437278464598 0
1616454246087 0.39103260502080356 0
1616454246129 0.3880060516498211 0
1616454246120 0.3839139053217898 0
1616454246158 0.3868334896017461 0
1616454246162 0.3764107693590064 0
1616454246180 0.3797995074461579 0
1616454246217 0.3880060516498211 0
1616454246248 0.39064230343300116 0
1616454246291 0.3868334896017461 0
1616454246300 0.3857019810508182 0
1616454246309 0.3839139053217898 0
1616454246349 0.390578807953806 0
1616454246395 0.38062138096464015 0
1616454246439 0.39295748990354334 0
1616454246445 0.37725497318520573 0
1616454246458 0.3880060516498211 0
1616454246502 0.3801267777261776 0
1616454246502 0.3887857544245329 0
1616454246517 0.3828141783029001 0
1616454246527 0.3842856191339875 0
1616454246534 0.3865017012683867 0
1616454246582 0.386906329008128 0
1616454246624 0.3865017012683867 0
1616454246634 0.3842856191339875 0
1616454246896 0.37905508123062515 0
1616454246911 0.3876437278464598 0
1616454246920 0.4009497461991626 0
1616454246920 0.3935682505623499 0
1616454246937 0.3764107693590064 0
1616454246939 0.39139825118255134 0
1616454246924 0.3885217524578858 0
1616454246950 0.3865017012683867 0
1616454246935 0.3868334896017461 0
1616454246954 0.386906329008128 0
1616454246955 0.3880060516498211 0
1616454246956 0.3876437278464598 0
1616454246948 0.3880060516498211 0
1616454246989 0.3971952228630711 0
1616454247010 0.390578807953806 0
1616454247043 0.3876437278464598 0
1616454247064 0.39025622460447823 0
1616454247094 0.3868334896017461 0
1616454247140 0.3802313091699348 0
1616454247154 0.3839139053217898 0
1616454247190 0.37905508123062515 0
1616454247280 0.3857019810508182 0
1616454247286 0.3839139053217898 0
1616454247316 0.389406245905731 0
1616454247384 0.39103260502080356 0
1616454247408 0.3876437278464598 0
1616454247426 0.39224069925215355 0
1616454247555 0.37905508123062515 0
1616454247563 0.39025622460447823 0
1616454247558 0.386906329008128 0
1616454247608 0.3827956989247312 0
1616454247662 0.39854487754522466 0
1616454247681 0.37905508123062515 0
1616454247710 0.3961286890825246 0
1616454247722 0.389406245905731 0
1616454247847 0.37803876377634205 0
1616454248340 0.3920278039989702 0
1616454248410 0.3802313091699348 0
1616454248477 0.3947763447936999 0
1616454248482 0.39064230343300116 0
1616454248488 0.3850559318998629 0
1616454248489 0.39139825118255134 0
1616454248494 0.3880060516498211 0
1616454248496 0.3824234310176691 0
1616454248504 0.3935328354107861 0
1616454248494 0.38822681860941427 0
1616454248517 0.3885217524578858 0
1616454248517 0.3935328354107861 0
1616454248531 0.3868334896017461 0
1616454248513 0.3842856191339875 0
1616454248539 0.37959829868712575 0
1616454248536 0.3891141980264051 0
