1616454245788 0.51 0
1616454245800 0.51 0
1616454245801 0.5133333333333333 0
1616454245807 0.5133333333333333 0
1616454245816 0.5049833887043189 0
1616454245820 0.5049833887043189 0
1616454245824 0.5116279069767442 0
1616454245825 0.5116279069767442 0
1616454245834 0.5149501661129569 0
1616454245843 0.5149501661129569 0
1616454245903 0.5116279069767442 0
1616454245921 0.5083056478405316 0
1616454245931 0.5083056478405316 0
1616454245937 0.5116279069767442 0
1616454245958 0.5149501661129569 0
1616454245959 0.5016611295681063 0
1616454245963 0.5049833887043189 0
1616454245975 0.5149501661129569 0
1616454245991 0.5083056478405316 0
1616454246000 0.5149501661129569 0
1616454246012 0.5116279069767442 0
1616454246023 0.5083056478405316 0
1616454246043 0.5149501661129569 0
1616454246045 0.5116279069767442 0
1616454246058 0.5116279069767442 0
1616454246079 0.5083056478405316 0
1616454246098 0.5049833887043189 0
1616454246100 0.5083056478405316 0
1616454246129 0.5083056478405316 0
1616454246129 0.5049833887043189 0
1616454246173 0.5083056478405316 0
1616454246204 0.5083056478405316 0
1616454246217 0.5083056478405316 0
1616454246232 0.5083056478405316 0
1616454246280 0.5083056478405316 0
1616454246285 0.5116279069767442 0
1616454246342 0.5083056478405316 0
1616454246380 0.5016611295681063 0
1616454246388 0.5083056478405316 0
1616454246401 0.5116279069767442 0
1616454246439 0.5083056478405316 0
1616454246447 0.5049833887043189 0
1616454246472 0.5116279069767442 0
1616454246492 0.5116279069767442 0
1616454246498 0.5049833887043189 0
1616454246513 0.5049833887043189 0
1616454246565 0.5116279069767442 0
1616454246566 0.5049833887043189 0
1616454246807 0.5116279069767442 0
1616454246826 0.5083056478405316 0
1616454246829 0.5149501661129569 0
1616454246838 0.5149501661129569 0
1616454246845 0.5083056478405316 0
1616454246845 0.5083056478405316 0
1616454246851 0.5182724252491694 0
1616454246855 0.5049833887043189 0
1616454246857 0.5083056478405316 0
1616454246866 0.5049833887043189 0
1616454246870 0.5116279069767442 0
1616454246893 0.5149501661129569 0
1616454246886 0.5116279069767442 0
1616454246915 0.5083056478405316 0
1616454246947 0.5116279069767442 0
1616454246992 0.5116279069767442 0
1616454247022 0.5149501661129569 0
1616454247055 0.5083056478405316 0
1616454247066 0.5083056478405316 0
1616454247082 0.5016611295681063 0
1616454247134 0.5083056478405316 0
1616454247212 0.5083056478405316 0
1616454247213 0.5083056478405316 0
1616454247246 0.5116279069767442 0
1616454247329 0.5116279069767442 0
1616454247337 0.5116279069767442 0
1616454247335 0.5116279069767442 0
1616454247423 0.5083056478405316 0
1616454247487 0.5049833887043189 0
1616454247492 0.5149501661129569 0
1616454247541 0.5116279069767442 0
1616454247567 0.5083056478405316 0
1616454247606 0.5182724252491694 0
1616454247639 0.5182724252491694 0
1616454247664 0.5116279069767442 0
1616454247715 0.5049833887043189 0
1616454248254 0.5116279069767442 0
1616454248357 0.5016611295681063 0
1616454248384 0.5083056478405316 0
1616454248392 0.5149501661129569 0
1616454248416 0.5083056478405316 0
1616454248417 0.5149501661129569 0
1616454248421 0.5049833887043189 0
1616454248423 0.5083056478405316 0
1616454248423 0.5116279069767442 0
1616454248412 0.5116279069767442 0
1616454248430 0.5083056478405316 0
1616454248415 0.5083056478405316 0
1616454248452 0.5083056478405316 0
1616454248438 0.5116279069767442 0
1616454248466 0.5049833887043189 0
1616454248460 0.5149501661129569 0
