1616454245815 0.51 0
1616454245827 0.51 0
1616454245828 0.5133333333333333 0
1616454245835 0.5133333333333333 0
1616454245843 0.5049833887043189 0
1616454245848 0.5049833887043189 0
1616454245851 0.5116279069767442 0
1616454245865 0.5116279069767442 0
1616454245869 0.5149501661129569 0
1616454245872 0.5149501661129569 0
1616454245938 0.5116279069767442 0
1616454245949 0.5083056478405316 0
1616454245956 0.5116279069767442 0
1616454245960 0.5083056478405316 0
1616454245980 0.5016611295681063 0
1616454245986 0.5149501661129569 0
1616454245993 0.5049833887043189 0
1616454246000 0.5149501661129569 0
1616454246021 0.5083056478405316 0
1616454246031 0.5149501661129569 0
1616454246042 0.5116279069767442 0
1616454246052 0.5083056478405316 0
1616454246073 0.5149501661129569 0
1616454246074 0.5116279069767442 0
1616454246087 0.5116279069767442 0
1616454246129 0.5083056478405316 0
1616454246120 0.5083056478405316 0
1616454246158 0.5083056478405316 0
1616454246162 0.5049833887043189 0
1616454246180 0.5049833887043189 0
1616454246217 0.5083056478405316 0
1616454246248 0.5083056478405316 0
1616454246291 0.5083056478405316 0
1616454246300 0.5083056478405316 0
1616454246309 0.5083056478405316 0
1616454246349 0.5116279069767442 0
1616454246395 0.5083056478405316 0
1616454246440 0.5116279069767442 0
1616454246445 0.5016611295681063 0
1616454246458 0.5083056478405316 0
1616454246502 0.5083056478405316 0
1616454246502 0.5116279069767442 0
1616454246517 0.5049833887043189 0
1616454246527 0.5049833887043189 0
1616454246534 0.5116279069767442 0
1616454246582 0.5049833887043189 0
1616454246624 0.5116279069767442 0
1616454246634 0.5049833887043189 0
1616454246896 0.5083056478405316 0
1616454246911 0.5116279069767442 0
1616454246920 0.5182724252491694 0
1616454246920 0.5149501661129569 0
1616454246937 0.5049833887043189 0
1616454246939 0.5149501661129569 0
1616454246924 0.5083056478405316 0
1616454246950 0.5116279069767442 0
1616454246935 0.5083056478405316 0
1616454246954 0.5049833887043189 0
1616454246956 0.5116279069767442 0
1616454246955 0.5083056478405316 0
1616454246948 0.5083056478405316 0
1616454246989 0.5149501661129569 0
1616454247010 0.5116279069767442 0
1616454247043 0.5116279069767442 0
1616454247064 0.5149501661129569 0
1616454247094 0.5083056478405316 0
1616454247140 0.5016611295681063 0
1616454247154 0.5083056478405316 0
1616454247190 0.5083056478405316 0
1616454247286 0.5083056478405316 0
1616454247280 0.5083056478405316 0
1616454247316 0.5116279069767442 0
1616454247384 0.5116279069767442 0
1616454247408 0.5116279069767442 0
1616454247426 0.5116279069767442 0
1616454247555 0.5083056478405316 0
1616454247563 0.5149501661129569 0
1616454247558 0.5049833887043189 0
1616454247608 0.5116279069767442 0
1616454247662 0.5182724252491694 0
1616454247681 0.5083056478405316 0
1616454247722 0.5116279069767442 0
1616454247710 0.5182724252491694 0
1616454247847 0.5049833887043189 0
1616454248340 0.5116279069767442 0
1616454248410 0.5016611295681063 0
1616454248477 0.5149501661129569 0
1616454248482 0.5083056478405316 0
1616454248488 0.5083056478405316 0
1616454248489 0.5149501661129569 0
1616454248494 0.5083056478405316 0
1616454248496 0.5083056478405316 0
1616454248504 0.5116279069767442 0
1616454248494 0.5116279069767442 0
1616454248517 0.5083056478405316 0
1616454248517 0.5116279069767442 0
1616454248531 0.5083056478405316 0
1616454248513 0.5049833887043189 0
1616454248539 0.5049833887043189 0
1616454248536 0.5149501661129569 0
