1616454216204 0.9023214098337117 0
1616454216216 0.9050423438363737 0
1616454216219 0.9088799554362387 0
1616454216224 0.9025043861632897 0
1616454216225 0.9027165816309597 0
1616454216233 0.8957646374158319 0
1616454216233 0.8990041515763861 0
1616454216237 0.9062461776916498 0
1616454216244 0.9029410528099945 0
1616454216247 0.9062771448945974 0
1616454216254 0.9058744478858292 0
1616454216257 0.8927646891625151 0
1616454216259 0.89925639497987 0
1616454216281 0.909252053635915 0
1616454216284 0.9095838577615184 0
1616454216306 0.8959092454692976 0
1616454216310 0.9023048063127843 0
1616454216333 0.8957049379345945 0
1616454216337 0.8992390810981411 0
1616454216338 0.8918895751692647 0
1616454216340 0.9060073875995132 0
1616454216357 0.8923689600982518 0
1616454216376 0.9024647522017374 0
1616454216382 0.8925943179201791 0
1616454216398 0.9023306396919251 0
1616454216405 0.8992831939349724 0
1616454216419 0.902666356137998 0
1616454216443 0.8989763287154369 0
1616454216444 0.9060377951486704 0
1616454216451 0.8924799660681466 0
1616454216478 0.8993006104420262 0
1616454216531 0.8958623057269139 0
1616454216558 0.8959642995591379 0
1616454216628 0.9023486017210502 0
1616454216653 0.9060377951486704 0
1616454216654 0.8992390810981411 0
1616454216694 0.8927597512026227 0
1616454216729 0.9062427129401277 0
1616454216732 0.8956481990689493 0
1616454216764 0.8925441118916033 0
1616454216799 0.9026801318941539 0
1616454216801 0.90273143139898 0
1616454216832 0.8955328118479629 0
1616454216875 0.8993006104420262 0
1616454216888 0.9023997961655126 0
1616454216919 0.9027165816309597 0
1616454216931 0.8993006104420262 0
1616454216936 0.8992390810981411 0
1616454216938 0.9028248911219655 0
1616454216952 0.8960530054881855 0
1616454216970 0.9027768071830203 0
1616454217028 0.8961429266309421 0
1616454217077 0.8960830601466546 0
1616454217123 0.9026315905377889 0
1616454217174 0.8991059891269413 0
1616454217183 0.9061622204793963 0
1616454217197 0.8959092454692976 0
1616454217210 0.8960392587151186 0
1616454217243 0.8990685049798351 0
1616454217274 0.8959942692287634 0
1616454217298 0.8958700383271658 0
1616454217302 0.9026845228321606 0
1616454217328 0.8958639458960671 0
1616454217463 0.8992216674474318 0
1616454217472 0.9028248911219655 0
1616454217469 0.8995104618417273 0
1616454217483 0.9061815704747845 0
1616454217507 0.8862400461493936 0
1616454217509 0.9026845228321606 0
1616454217567 0.8892537761173188 0
1616454217580 0.8924770965468639 0
1616454217611 0.8960680611853159 0
1616454217612 0.8960130892759638 0
1616454217759 0.905709300522534 0
1616454217745 0.8920958299567227 0
1616454217776 0.8995015881770179 0
1616454217780 0.8993991997491171 0
1616454217815 0.8959092454692976 0
1616454217834 0.8957858219824596 0
1616454217855 0.9024788417362865 0
1616454217859 0.8994193774044071 0
1616454220201 0.8957960161559069 0
1616454220208 0.8992480584753654 0
1616454220212 0.8960392587151186 0
1616454220232 0.8994482068589391 0
1616454220240 0.8957274909390147 0
1616454220241 0.899015398566743 0
1616454220251 0.8888180678154735 0
1616454220256 0.9026232664932397 0
1616454220264 0.8960530054881855 0
1616454220286 0.8993006104420262 0
1616454220292 0.8955492239969515 0
1616454220293 0.8958874902949919 0
1616454220297 0.9061815704747845 0
1616454220298 0.8994596057041017 0
1616454220300 0.8921679629260785 0
1616454220306 0.8923109957839056 0
1616454220307 0.8960680611853159 0
1616454220320 0.9028248911219655 0
1616454220350 0.89925639497987 0
