1616454216204 0.9040042769313017 0
1616454216216 0.9084773519163764 0
1616454216219 0.9112536325199064 0
1616454216224 0.9047010487932593 0
1616454216225 0.9052163593822975 0
1616454216233 0.8982234336117513 0
1616454216233 0.9001017536194718 0
1616454216237 0.907675955529265 0
1616454216244 0.9046077526393219 0
1616454216247 0.9072806492831385 0
1616454216253 0.907765378958421 0
1616454216257 0.893898211611587 0
1616454216259 0.9011967159479417 0
1616454216281 0.9108972661290288 0
1616454216284 0.9113820841395593 0
1616454216306 0.8981443213993401 0
1616454216310 0.9051728578266689 0
1616454216333 0.8978272647686415 0
1616454216337 0.9011588167034924 0
1616454216338 0.895766627594846 0
1616454216340 0.9077446477606863 0
1616454216357 0.8956755638500496 0
1616454216376 0.9046165933055728 0
1616454216382 0.894175552518366 0
1616454216398 0.905225015192946 0
1616454216405 0.9012200760140823 0
1616454216419 0.9043660275090473 0
1616454216443 0.9022642927893868 0
1616454216444 0.9075374443990684 0
1616454216451 0.8950011589276058 0
1616454216478 0.901258243050134 0
1616454216531 0.8978735637340786 0
1616454216558 0.8979944699252432 0
1616454216628 0.9053593285539431 0
1616454216653 0.9075374443990684 0
1616454216654 0.9011588167034924 0
1616454216694 0.8955747871642258 0
1616454216729 0.9073479713761173 0
1616454216732 0.898506218846801 0
1616454216764 0.8945156669153602 0
1616454216799 0.9043971185012674 0
1616454216801 0.9052504409132349 0
1616454216832 0.8977561969007218 0
1616454216875 0.901258243050134 0
1616454216888 0.906016093486159 0
1616454216919 0.9052163593822975 0
1616454216931 0.901258243050134 0
1616454216936 0.9011588167034924 0
1616454216938 0.9042326132629641 0
1616454216952 0.8977725659318254 0
1616454216970 0.9045969686002705 0
1616454217028 0.898708906086605 0
1616454217077 0.8978396117776478 0
1616454217123 0.9039426224670811 0
1616454217174 0.9016263617399367 0
1616454217183 0.9081372685901417 0
1616454217197 0.8981443213993401 0
1616454217210 0.897779918352369 0
1616454217243 0.9018850568336776 0
1616454217274 0.8967709392575224 0
1616454217298 0.8976713636852137 0
1616454217302 0.9051969436806852 0
1616454217328 0.8980796335447498 0
1616454217463 0.9011208295257455 0
1616454217469 0.9004886641059611 0
1616454217472 0.9042326132629641 0
1616454217483 0.9077514614187243 0
1616454217507 0.8870709697358251 0
1616454217509 0.9051969436806852 0
1616454217567 0.8911814634726092 0
1616454217580 0.894141680939312 0
1616454217611 0.8978061063544446 0
1616454217612 0.8973407836561759 0
1616454217759 0.9084790624657735 0
1616454217745 0.8947292449955596 0
1616454217776 0.901837714442976 0
1616454217780 0.9005084807857615 0
1616454217815 0.8981443213993401 0
1616454217834 0.8972417522985398 0
1616454217855 0.905093159254726 0
1616454217859 0.9017621573313127 0
1616454220201 0.8979683806441294 0
1616454220208 0.9011434752375802 0
1616454220212 0.897779918352369 0
1616454220232 0.9009970763138498 0
1616454220240 0.8978257710116427 0
1616454220241 0.9022854857551267 0
1616454220251 0.8924084469393211 0
1616454220256 0.9043077382507746 0
1616454220264 0.8977725659318254 0
1616454220286 0.901258243050134 0
1616454220292 0.8987784722662496 0
1616454220293 0.8978205906551583 0
1616454220297 0.9077514614187243 0
1616454220298 0.9010233068168345 0
1616454220300 0.8955758021198801 0
1616454220306 0.8944708115804461 0
1616454220307 0.8978061063544446 0
1616454220320 0.9042326132629641 0
1616454220350 0.9011967159479417 0
