1616454216204 0.9033333333333333 0
1616454216216 0.9066666666666666 0
1616454216219 0.91 0
1616454216224 0.9036544850498339 0
1616454216225 0.9036544850498339 0
1616454216233 0.8970099667774086 0
1616454216233 0.9 0
1616454216237 0.9069767441860465 0
1616454216244 0.9036544850498339 0
1616454216247 0.9069767441860465 0
1616454216254 0.9069767441860465 0
1616454216257 0.893687707641196 0
1616454216259 0.9003322259136213 0
1616454216281 0.9102990033222591 0
1616454216284 0.9102990033222591 0
1616454216306 0.8970099667774086 0
1616454216310 0.9036544850498339 0
1616454216333 0.8970099667774086 0
1616454216337 0.9003322259136213 0
1616454216338 0.893687707641196 0
1616454216340 0.9069767441860465 0
1616454216357 0.893687707641196 0
1616454216376 0.9036544850498339 0
1616454216382 0.893687707641196 0
1616454216398 0.9036544850498339 0
1616454216405 0.9003322259136213 0
1616454216419 0.9036544850498339 0
1616454216443 0.9003322259136213 0
1616454216444 0.9069767441860465 0
1616454216451 0.893687707641196 0
1616454216478 0.9003322259136213 0
1616454216531 0.8970099667774086 0
1616454216558 0.8970099667774086 0
1616454216628 0.9036544850498339 0
1616454216653 0.9069767441860465 0
1616454216654 0.9003322259136213 0
1616454216694 0.893687707641196 0
1616454216729 0.9069767441860465 0
1616454216732 0.8970099667774086 0
1616454216764 0.893687707641196 0
1616454216799 0.9036544850498339 0
1616454216801 0.9036544850498339 0
1616454216832 0.8970099667774086 0
1616454216875 0.9003322259136213 0
1616454216888 0.9036544850498339 0
1616454216919 0.9036544850498339 0
1616454216931 0.9003322259136213 0
1616454216936 0.9003322259136213 0
1616454216938 0.9036544850498339 0
1616454216952 0.8970099667774086 0
1616454216970 0.9036544850498339 0
1616454217028 0.8970099667774086 0
1616454217077 0.8970099667774086 0
1616454217123 0.9036544850498339 0
1616454217174 0.9003322259136213 0
1616454217183 0.9069767441860465 0
1616454217197 0.8970099667774086 0
1616454217210 0.8970099667774086 0
1616454217243 0.9003322259136213 0
1616454217274 0.8970099667774086 0
1616454217298 0.8970099667774086 0
1616454217302 0.9036544850498339 0
1616454217328 0.8970099667774086 0
1616454217463 0.9003322259136213 0
1616454217469 0.9003322259136213 0
1616454217472 0.9036544850498339 0
1616454217483 0.9069767441860465 0
1616454217507 0.8870431893687708 0
1616454217509 0.9036544850498339 0
1616454217567 0.8903654485049833 0
1616454217580 0.893687707641196 0
1616454217611 0.8970099667774086 0
1616454217612 0.8970099667774086 0
1616454217759 0.9069767441860465 0
1616454217745 0.893687707641196 0
1616454217776 0.9003322259136213 0
1616454217780 0.9003322259136213 0
1616454217815 0.8970099667774086 0
1616454217834 0.8970099667774086 0
1616454217855 0.9036544850498339 0
1616454217859 0.9003322259136213 0
1616454220201 0.8970099667774086 0
1616454220208 0.9003322259136213 0
1616454220212 0.8970099667774086 0
1616454220232 0.9003322259136213 0
1616454220240 0.8970099667774086 0
1616454220241 0.9003322259136213 0
1616454220251 0.8903654485049833 0
1616454220256 0.9036544850498339 0
1616454220264 0.8970099667774086 0
1616454220286 0.9003322259136213 0
1616454220292 0.8970099667774086 0
1616454220293 0.8970099667774086 0
1616454220297 0.9069767441860465 0
1616454220298 0.9003322259136213 0
1616454220300 0.893687707641196 0
1616454220306 0.893687707641196 0
1616454220307 0.8970099667774086 0
1616454220320 0.9036544850498339 0
1616454220350 0.9003322259136213 0
