1616454216189 0.9033333333333333 0
1616454216196 0.9066666666666666 0
1616454216204 0.91 0
1616454216208 0.9036544850498339 0
1616454216209 0.9 0
1616454216209 0.9036544850498339 0
1616454216217 0.8970099667774086 0
1616454216222 0.9069767441860465 0
1616454216228 0.9036544850498339 0
1616454216232 0.9069767441860465 0
1616454216235 0.9069767441860465 0
1616454216242 0.893687707641196 0
1616454216244 0.9003322259136213 0
1616454216258 0.9102990033222591 0
1616454216262 0.9102990033222591 0
1616454216281 0.8970099667774086 0
1616454216286 0.9036544850498339 0
1616454216309 0.8970099667774086 0
1616454216312 0.893687707641196 0
1616454216313 0.9003322259136213 0
1616454216316 0.9069767441860465 0
1616454216332 0.893687707641196 0
1616454216350 0.9036544850498339 0
1616454216357 0.893687707641196 0
1616454216373 0.9036544850498339 0
1616454216380 0.9003322259136213 0
1616454216394 0.9036544850498339 0
1616454216418 0.9003322259136213 0
1616454216419 0.9069767441860465 0
1616454216426 0.893687707641196 0
1616454216452 0.9003322259136213 0
1616454216506 0.8970099667774086 0
1616454216533 0.8970099667774086 0
1616454216578 0.9036544850498339 0
1616454216598 0.9003322259136213 0
1616454216627 0.9069767441860465 0
1616454216670 0.893687707641196 0
1616454216693 0.8970099667774086 0
1616454216704 0.9069767441860465 0
1616454216713 0.893687707641196 0
1616454216750 0.9036544850498339 0
1616454216759 0.9036544850498339 0
1616454216805 0.8970099667774086 0
1616454216823 0.9003322259136213 0
1616454216837 0.9036544850498339 0
1616454216868 0.9036544850498339 0
1616454216880 0.9003322259136213 0
1616454216882 0.9036544850498339 0
1616454216885 0.9003322259136213 0
1616454216915 0.8970099667774086 0
1616454216916 0.9036544850498339 0
1616454216964 0.8970099667774086 0
1616454217002 0.8970099667774086 0
1616454217072 0.9036544850498339 0
1616454217119 0.9069767441860465 0
1616454217122 0.9003322259136213 0
1616454217133 0.8970099667774086 0
1616454217146 0.8970099667774086 0
1616454217191 0.9003322259136213 0
1616454217211 0.8970099667774086 0
1616454217255 0.9036544850498339 0
1616454217257 0.8970099667774086 0
1616454217274 0.8970099667774086 0
1616454217385 0.9003322259136213 0
1616454217421 0.9036544850498339 0
1616454217418 0.9003322259136213 0
1616454217431 0.9036544850498339 0
1616454217432 0.9069767441860465 0
1616454217462 0.8870431893687708 0
1616454217515 0.8903654485049833 0
1616454217497 0.893687707641196 0
1616454217560 0.8970099667774086 0
1616454217561 0.8970099667774086 0
1616454217684 0.893687707641196 0
1616454217685 0.9069767441860465 0
1616454217722 0.9003322259136213 0
1616454217738 0.9003322259136213 0
1616454217753 0.8970099667774086 0
1616454217784 0.8970099667774086 0
1616454217785 0.9036544850498339 0
1616454217824 0.9003322259136213 0
1616454220170 0.8970099667774086 0
1616454220172 0.9003322259136213 0
1616454220172 0.8970099667774086 0
1616454220172 0.9003322259136213 0
1616454220216 0.8970099667774086 0
1616454220217 0.9003322259136213 0
1616454220224 0.8903654485049833 0
1616454220228 0.9036544850498339 0
1616454220238 0.8970099667774086 0
1616454220252 0.9069767441860465 0
1616454220258 0.893687707641196 0
1616454220258 0.8970099667774086 0
1616454220259 0.9003322259136213 0
1616454220261 0.893687707641196 0
1616454220263 0.8970099667774086 0
1616454220267 0.9003322259136213 0
1616454220278 0.8970099667774086 0
1616454220293 0.9036544850498339 0
1616454220305 0.9003322259136213 0
