1616454179893 0.513328681378977 0
1616454179899 0.5073267421261172 0
1616454179904 0.5133523399783825 0
1616454179910 0.5116237502483275 0
1616454179911 0.5116851694915254 0
1616454179922 0.5161380591589898 0
1616454179925 0.5136881784533509 0
1616454179928 0.5153259170150818 0
1616454179936 0.5113101139644984 0
1616454179941 0.5112451474981493 0
1616454179948 0.513291003490714 0
1616454179958 0.512689246434307 0
1616454179959 0.5138532010549302 0
1616454179962 0.5117684234818902 0
1616454179991 0.5160199383335735 0
1616454179994 0.5150801440116763 0
1616454180023 0.5130159579168765 0
1616454180033 0.5112292108236115 0
1616454180039 0.5155689108988863 0
1616454180051 0.5107148317598768 0
1616454180068 0.5135443865837328 0
1616454180071 0.5158447852440238 0
1616454180081 0.5133055260936874 0
1616454180092 0.5154364172818404 0
1616454180115 0.5098345453127985 0
1616454180125 0.5142903649955786 0
1616454180137 0.5185827619192215 0
1616454180150 0.5135936975522852 0
1616454180159 0.5131393095255299 0
1616454180172 0.510282121612252 0
1616454180198 0.5112448064689635 0
1616454180213 0.5121175836632975 0
1616454180247 0.5110720918710423 0
1616454180292 0.5097939315340568 0
1616454180357 0.5051352801973797 0
1616454180360 0.5122825944567099 0
1616454180407 0.509022289582344 0
1616454180413 0.5106046642611907 0
1616454180441 0.5132626928803636 0
1616454180512 0.512590402860797 0
1616454180523 0.5120905393006212 0
1616454180553 0.5087765892099358 0
1616454180570 0.5168913151651553 0
1616454180603 0.5157325730070117 0
1616454180603 0.5153884770075201 0
1616454180620 0.516588988412379 0
1616454180634 0.5084574635278931 0
1616454180662 0.508283181818628 0
1616454180687 0.5154813997692438 0
1616454180694 0.5080212753887845 0
1616454180723 0.5102890839131891 0
1616454180748 0.5159795037773848 0
1616454180772 0.5127350887921677 0
1616454180783 0.5151531054693945 0
1616454180823 0.5153312133802022 0
1616454180859 0.5081191696194834 0
1616454180882 0.5098474623785129 0
1616454180901 0.5148335874953586 0
1616454180894 0.5081753626072409 0
1616454180931 0.5093581122103216 0
1616454180986 0.5117408985041564 0
1616454180999 0.5166376600040083 0
1616454181044 0.5080558947095185 0
1616454181107 0.5139129754128396 0
1616454181167 0.5159694687265196 0
1616454181154 0.5149066721707234 0
1616454181168 0.5164546294129243 0
1616454181176 0.5100346141837837 0
1616454181207 0.5114223112637133 0
1616454181582 0.513053778111853 0
1616454181599 0.5168677996061766 0
1616454181609 0.5106128133534802 0
1616454181623 0.5150729197084258 0
1616454181612 0.5098328877709928 0
1616454181643 0.5152541678191054 0
1616454181663 0.5090684844139926 0
1616454181664 0.5138448708655717 0
1616454181673 0.5112787050853365 0
1616454181660 0.5143239181274962 0
1616454181654 0.5102217956871167 0
1616454181677 0.5094019951116251 0
1616454181680 0.5138451067339036 0
1616454181705 0.51645518605461 0
1616454181726 0.5153452950091458 0
1616454181737 0.5127312283147168 0
1616454181783 0.5105252008834993 0
1616454181801 0.5100813084884792 0
1616454181827 0.5109807477811561 0
1616454181872 0.5140221986476566 0
1616454181857 0.5103449452300199 0
1616454181940 0.5112409394128636 0
1616454181982 0.5117311447097549 0
1616454181991 0.511025423603833 0
1616454182030 0.5151658501476877 0
1616454182063 0.5075222398512779 0
1616454182065 0.5149986853030386 0
1616454182105 0.5138612951239708 0
1616454182141 0.5122790827926406 0
1616454182164 0.5090245896644586 0
1616454182201 0.50792266184669 0
