1616454179851 0.536046511627907 0
1616454179859 0.5313953488372093 0
1616454179860 0.536046511627907 0
1616454179870 0.5348837209302325 0
1616454179870 0.5337209302325582 0
1616454179879 0.5383720930232558 0
1616454179882 0.536046511627907 0
1616454179887 0.5395348837209303 0
1616454179893 0.5348837209302325 0
1616454179900 0.5348837209302325 0
1616454179906 0.536046511627907 0
1616454179915 0.5372093023255814 0
1616454179919 0.5337209302325582 0
1616454179922 0.5348837209302325 0
1616454179939 0.5383720930232558 0
1616454179943 0.5395348837209303 0
1616454179960 0.5337209302325582 0
1616454179967 0.5337209302325582 0
1616454179978 0.5383720930232558 0
1616454179988 0.5348837209302325 0
1616454180005 0.5348837209302325 0
1616454180011 0.5383720930232558 0
1616454180026 0.536046511627907 0
1616454180038 0.5383720930232558 0
1616454180052 0.5313953488372093 0
1616454180063 0.5372093023255814 0
1616454180077 0.5430232558139535 0
1616454180089 0.536046511627907 0
1616454180099 0.536046511627907 0
1616454180112 0.5337209302325582 0
1616454180137 0.5348837209302325 0
1616454180153 0.536046511627907 0
1616454180176 0.5337209302325582 0
1616454180227 0.5337209302325582 0
1616454180247 0.5337209302325582 0
1616454180287 0.5302325581395348 0
1616454180299 0.5348837209302325 0
1616454180342 0.5372093023255814 0
1616454180348 0.5325581395348837 0
1616454180403 0.536046511627907 0
1616454180428 0.5348837209302325 0
1616454180451 0.5383720930232558 0
1616454180464 0.5325581395348837 0
1616454180481 0.5383720930232558 0
1616454180493 0.5383720930232558 0
1616454180505 0.5383720930232558 0
1616454180519 0.5313953488372093 0
1616454180564 0.5313953488372093 0
1616454180574 0.5395348837209303 0
1616454180588 0.5313953488372093 0
1616454180610 0.5348837209302325 0
1616454180645 0.5395348837209303 0
1616454180660 0.5348837209302325 0
1616454180672 0.5372093023255814 0
1616454180703 0.5383720930232558 0
1616454180734 0.5325581395348837 0
1616454180751 0.5337209302325582 0
1616454180782 0.5325581395348837 0
1616454180810 0.5372093023255814 0
1616454180828 0.5348837209302325 0
1616454180884 0.5337209302325582 0
1616454180886 0.5395348837209303 0
1616454180912 0.5348837209302325 0
1616454180976 0.5383720930232558 0
1616454181003 0.5383720930232558 0
1616454181020 0.5383720930232558 0
1616454181042 0.5337209302325582 0
1616454181061 0.5395348837209303 0
1616454181100 0.5337209302325582 0
1616454181373 0.5365853658536586 0
1616454181451 0.5365853658536586 0
1616454181460 0.5331010452961672 0
1616454181480 0.5331010452961672 0
1616454181488 0.5400696864111498 0
1616454181489 0.5331010452961672 0
1616454181476 0.5389082462253194 0
1616454181472 0.5389082462253194 0
1616454181504 0.537746806039489 0
1616454181507 0.5331010452961672 0
1616454181508 0.5365853658536586 0
1616454181509 0.5319396051103368 0
1616454181542 0.5400696864111498 0
1616454181543 0.5307781649245064 0
1616454181599 0.5354239256678281 0
1616454181600 0.537746806039489 0
1616454181653 0.5319396051103368 0
1616454181678 0.5331010452961672 0
1616454181709 0.5354239256678281 0
1616454181697 0.5354239256678281 0
1616454181746 0.5342624854819977 0
1616454181791 0.5354239256678281 0
1616454181808 0.5342624854819977 0
1616454181851 0.5342624854819977 0
1616454181872 0.537746806039489 0
1616454181899 0.5307781649245064 0
1616454181930 0.5365853658536586 0
1616454181943 0.537746806039489 0
1616454182005 0.5354239256678281 0
1616454182041 0.5319396051103368 0
1616454182064 0.5319396051103368 0
