1616454179893 1.0053037470614334 0
1616454179899 1.0084971582452968 0
1616454179904 1.0089360834875194 0
1616454179910 1.0094931009784331 0
1616454179911 1.0069340247168823 0
1616454179922 1.0066866833782664 0
1616454179925 1.0083733440785447 0
1616454179928 1.0037071967046574 0
1616454179936 1.0091863044536384 0
1616454179941 1.0084751153720146 0
1616454179948 1.0078930536376884 0
1616454179958 1.0076160252122661 0
1616454179959 1.0078842996546447 0
1616454179962 1.0067425297976111 0
1616454179991 1.0048385724382152 0
1616454179994 1.0050171897176579 0
1616454180023 1.0093606689056382 0
1616454180033 1.0118190054479317 0
1616454180039 1.008241856845058 0
1616454180051 1.008284731910433 0
1616454180068 1.0103958224275518 0
1616454180071 1.0050277648822956 0
1616454180081 1.0084001234794426 0
1616454180092 1.0053871170205737 0
1616454180115 1.009565546818409 0
1616454180125 1.0058809572325838 0
1616454180137 1.000033799134526 0
1616454180150 1.0060764269083193 0
1616454180159 1.007792412333217 0
1616454180172 1.009915652851751 0
1616454180198 1.0099220342988096 0
1616454180213 1.0058610358819953 0
1616454180247 1.011992568771472 0
1616454180292 1.0062377030399852 0
1616454180357 1.0109281530080556 0
1616454180360 1.0105144762866827 0
1616454180407 1.0106345500393976 0
1616454180413 1.006325900849273 0
1616454180441 1.0072720899787073 0
1616454180512 1.0081490700064817 0
1616454180523 1.0107773382680119 0
1616454180553 1.0125659019347053 0
1616454180570 1.0056792454613526 0
1616454180603 1.0078415926048494 0
1616454180603 1.0090867562472645 0
1616454180620 1.0027382487772134 0
1616454180634 1.0103999347925845 0
1616454180662 1.0096700147232742 0
1616454180687 1.0080500365634308 0
1616454180694 1.010207001918877 0
1616454180723 1.0087075542719475 0
1616454180748 1.0072243086236907 0
1616454180772 1.0063997575462431 0
1616454180783 1.0118478163366564 0
1616454180823 1.004490139639564 0
1616454180859 1.0086908247451423 0
1616454180882 1.0083383781787247 0
1616454180901 1.0040095914216203 0
1616454180894 1.009116217558496 0
1616454180931 1.0065072566866018 0
1616454180986 1.008782111230282 0
1616454180999 1.00575837460068 0
1616454181044 1.0072419952627512 0
1616454181107 1.0068599638936897 0
1616454181167 1.0079605874290827 0
1616454181154 1.0039807827154286 0
1616454181168 1.0054577833447311 0
1616454181176 1.0106976458984698 0
1616454181207 1.009037677306962 0
1616454181582 1.0048865325319967 0
1616454181599 1.0078426180991704 0
1616454181609 1.0060534818731646 0
1616454181623 1.0009178983415972 0
1616454181612 1.007688662525037 0
1616454181643 1.0080581626996064 0
1616454181663 1.0072301994278372 0
1616454181664 1.007934265811516 0
1616454181673 1.007730275734183 0
1616454181660 1.0103728430679648 0
1616454181654 1.0093346127098852 0
1616454181677 1.0102038538719575 0
1616454181680 1.0107184058483916 0
1616454181705 1.0069149027300592 0
1616454181726 1.0029234680681045 0
1616454181737 1.0081839263699888 0
1616454181783 1.0094942096864377 0
1616454181801 1.0046921750148583 0
1616454181827 1.0073605517014113 0
1616454181872 1.0088659197010221 0
1616454181857 1.0096425313827766 0
1616454181940 1.0066502178079515 0
1616454181982 1.0106114612373602 0
1616454181991 1.0100594428218916 0
1616454182030 1.0061585530884931 0
1616454182063 1.010023160141868 0
1616454182065 1.0026587438057022 0
1616454182105 1.0086745289257955 0
1616454182141 1.0079196623727569 0
1616454182164 1.01087810203707 0
1616454182201 1.0078910209695244 0
