1616454179893 0.536046511627907 0
1616454179899 0.5313953488372093 0
1616454179904 0.536046511627907 0
1616454179910 0.5337209302325582 0
1616454179911 0.5348837209302325 0
1616454179922 0.5383720930232558 0
1616454179925 0.536046511627907 0
1616454179928 0.5395348837209303 0
1616454179936 0.5348837209302325 0
1616454179941 0.5348837209302325 0
1616454179948 0.536046511627907 0
1616454179958 0.5348837209302325 0
1616454179959 0.5372093023255814 0
1616454179962 0.5337209302325582 0
1616454179991 0.5395348837209303 0
1616454179994 0.5383720930232558 0
1616454180023 0.5337209302325582 0
1616454180033 0.5337209302325582 0
1616454180039 0.5383720930232558 0
1616454180051 0.5348837209302325 0
1616454180068 0.5348837209302325 0
1616454180071 0.5383720930232558 0
1616454180081 0.536046511627907 0
1616454180092 0.5383720930232558 0
1616454180115 0.5313953488372093 0
1616454180125 0.5372093023255814 0
1616454180137 0.5430232558139535 0
1616454180150 0.536046511627907 0
1616454180159 0.536046511627907 0
1616454180172 0.5337209302325582 0
1616454180198 0.5348837209302325 0
1616454180213 0.536046511627907 0
1616454180247 0.5337209302325582 0
1616454180292 0.5337209302325582 0
1616454180357 0.5302325581395348 0
1616454180360 0.5337209302325582 0
1616454180407 0.5325581395348837 0
1616454180413 0.5348837209302325 0
1616454180441 0.5372093023255814 0
1616454180512 0.536046511627907 0
1616454180523 0.5348837209302325 0
1616454180553 0.5325581395348837 0
1616454180570 0.5383720930232558 0
1616454180603 0.5383720930232558 0
1616454180603 0.5383720930232558 0
1616454180620 0.5383720930232558 0
1616454180634 0.5313953488372093 0
1616454180662 0.5313953488372093 0
1616454180687 0.5395348837209303 0
1616454180694 0.5313953488372093 0
1616454180723 0.5348837209302325 0
1616454180748 0.5395348837209303 0
1616454180772 0.5348837209302325 0
1616454180783 0.5372093023255814 0
1616454180823 0.5383720930232558 0
1616454180859 0.5337209302325582 0
1616454180882 0.5325581395348837 0
1616454180901 0.5372093023255814 0
1616454180894 0.5325581395348837 0
1616454180931 0.5348837209302325 0
1616454180986 0.5348837209302325 0
1616454180999 0.5395348837209303 0
1616454181044 0.5337209302325582 0
1616454181107 0.5383720930232558 0
1616454181167 0.5383720930232558 0
1616454181154 0.5383720930232558 0
1616454181168 0.5395348837209303 0
1616454181176 0.5337209302325582 0
1616454181207 0.5337209302325582 0
1616454181582 0.5365853658536586 0
1616454181599 0.5400696864111498 0
1616454181609 0.5331010452961672 0
1616454181623 0.5365853658536586 0
1616454181612 0.5331010452961672 0
1616454181643 0.5389082462253194 0
1616454181663 0.5307781649245064 0
1616454181664 0.5365853658536586 0
1616454181673 0.5331010452961672 0
1616454181660 0.5389082462253194 0
1616454181654 0.5331010452961672 0
1616454181677 0.5319396051103368 0
1616454181680 0.537746806039489 0
1616454181705 0.5400696864111498 0
1616454181726 0.537746806039489 0
1616454181737 0.5354239256678281 0
1616454181783 0.5319396051103368 0
1616454181801 0.5331010452961672 0
1616454181827 0.5354239256678281 0
1616454181872 0.5354239256678281 0
1616454181857 0.5342624854819977 0
1616454181940 0.5342624854819977 0
1616454181982 0.5354239256678281 0
1616454181991 0.5342624854819977 0
1616454182030 0.537746806039489 0
1616454182063 0.5307781649245064 0
1616454182065 0.537746806039489 0
1616454182105 0.5365853658536586 0
1616454182141 0.5354239256678281 0
1616454182164 0.5319396051103368 0
1616454182201 0.5319396051103368 0
