1616454179893 0.5450567793796682 0
1616454179899 0.535668304767954 0
1616454179904 0.5434042268097691 0
1616454179910 0.5383215163107931 0
1616454179911 0.5408378124279354 0
1616454179922 0.5457947663158796 0
1616454179925 0.5424208907401162 0
1616454179928 0.548953395416809 0
1616454179936 0.5391520586688787 0
1616454179941 0.5397232907851023 0
1616454179948 0.5416302712206521 0
1616454179958 0.5438616640716727 0
1616454179959 0.5420502967732835 0
1616454179962 0.5404131697150834 0
1616454179991 0.5469768501042023 0
1616454179994 0.5438485952060338 0
1616454180023 0.5411298374197119 0
1616454180033 0.5401801497565206 0
1616454180039 0.5456536413880481 0
1616454180051 0.5410986742081932 0
1616454180068 0.5403628792538983 0
1616454180071 0.5448902529731885 0
1616454180081 0.5424454220329753 0
1616454180092 0.5447245079608023 0
1616454180115 0.5386982069107791 0
1616454180125 0.543613537646111 0
1616454180137 0.5496698712643936 0
1616454180150 0.543496746069615 0
1616454180159 0.5401153798451602 0
1616454180172 0.5404557440015527 0
1616454180198 0.5412060188967508 0
1616454180213 0.5423283765838574 0
1616454180247 0.5406905868009798 0
1616454180292 0.5399061147697735 0
1616454180357 0.5351167528858527 0
1616454180360 0.54075036083707 0
1616454180407 0.5400442184075427 0
1616454180413 0.5402700292932454 0
1616454180441 0.5441091949317078 0
1616454180511 0.5440732248671729 0
1616454180523 0.5417119612207438 0
1616454180553 0.5405058024898929 0
1616454180570 0.5457459057726254 0
1616454180602 0.5453258815245303 0
1616454180603 0.5453760433145614 0
1616454180608 0.5459855768539836 0
1616454180633 0.537977832119862 0
1616454180662 0.5378935184323996 0
1616454180687 0.5494980315198463 0
1616454180694 0.5382084311848507 0
1616454180723 0.5398983199195859 0
1616454180748 0.5465502822094294 0
1616454180772 0.538790466786532 0
1616454180783 0.5441813994858671 0
1616454180823 0.5449097727296734 0
1616454180859 0.5395347048208411 0
1616454180882 0.5401299520519935 0
1616454180894 0.5399900739762322 0
1616454180901 0.546125799356362 0
1616454180931 0.5402812347887966 0
1616454180986 0.546553023773057 0
1616454180999 0.5466899139997302 0
1616454181044 0.5398990952181993 0
1616454181107 0.5440556431192906 0
1616454181167 0.5446984372170545 0
1616454181154 0.5450562105744579 0
1616454181168 0.5477889662596985 0
1616454181176 0.5401525349594956 0
1616454181207 0.5378675092647602 0
1616454181582 0.544544823698317 0
1616454181599 0.5457147430173845 0
1616454181608 0.5419615853117924 0
1616454181623 0.54473430367984 0
1616454181612 0.5379357839331073 0
1616454181643 0.5457919656451273 0
1616454181663 0.5363465311326069 0
1616454181664 0.5438016995078394 0
1616454181673 0.5377259185868222 0
1616454181660 0.5441672007919396 0
1616454181654 0.5394236201737103 0
1616454181677 0.5392542662845643 0
1616454181680 0.5452622706443302 0
1616454181705 0.5460197248715988 0
1616454181726 0.5448969132457157 0
1616454181737 0.5418355238773779 0
1616454181783 0.5387127394511811 0
1616454181801 0.5436484539235992 0
1616454181827 0.5431629598811979 0
1616454181857 0.5411153575749311 0
1616454181872 0.5418907569944702 0
1616454181940 0.5412223833992222 0
1616454181982 0.5419914385085203 0
1616454181991 0.5419521180895217 0
1616454182030 0.5450288658764706 0
1616454182063 0.5378775894039621 0
1616454182065 0.5446719987292746 0
1616454182105 0.5428838934555951 0
1616454182141 0.5431853205408139 0
1616454182164 0.5374873783985611 0
1616454182201 0.5384040240385353 0
