1616454179893 0.7770919221627106 0
1616454179899 0.7760390900353832 0
1616454179904 0.7767536297537184 0
1616454179910 0.7762111504199316 0
1616454179911 0.7766728483693498 0
1616454179922 0.7774153152760069 0
1616454179925 0.7758295546891533 0
1616454179928 0.7785499065989273 0
1616454179936 0.7758782481367739 0
1616454179941 0.776816341750106 0
1616454179948 0.7785861480608903 0
1616454179958 0.7767809889701439 0
1616454179959 0.7770435853839085 0
1616454179962 0.7783205105494949 0
1616454179991 0.7784385726573145 0
1616454179994 0.778291852830992 0
1616454180023 0.7771506646278491 0
1616454180033 0.7769397997658003 0
1616454180039 0.7764120139659801 0
1616454180051 0.7778341203910276 0
1616454180068 0.7760047117463635 0
1616454180071 0.778295651253365 0
1616454180081 0.778188169426257 0
1616454180092 0.779555846617885 0
1616454180115 0.7768163260854308 0
1616454180125 0.7783766686754001 0
1616454180137 0.7808994846398623 0
1616454180150 0.7782899138743985 0
1616454180159 0.7768064799485788 0
1616454180172 0.7757020675980115 0
1616454180198 0.7761950704135332 0
1616454180213 0.7785871111681689 0
1616454180247 0.7757294741613783 0
1616454180292 0.7784029913922949 0
1616454180357 0.7760161524324244 0
1616454180360 0.7779543407785615 0
1616454180407 0.7759289859446605 0
1616454180413 0.7770076716492177 0
1616454180441 0.7786130814738584 0
1616454180512 0.7775700457579796 0
1616454180523 0.775733689929885 0
1616454180553 0.7755826994914083 0
1616454180570 0.7782766763805079 0
1616454180603 0.7776083919672742 0
1616454180603 0.7768018216820468 0
1616454180620 0.7796707187731641 0
1616454180634 0.7762143328640346 0
1616454180662 0.7780597255541464 0
1616454180687 0.7755954952209847 0
1616454180694 0.777397358205876 0
1616454180723 0.7768180578604079 0
1616454180748 0.7782714565328884 0
1616454180772 0.7783748087810897 0
1616454180783 0.7752883161693656 0
1616454180823 0.7780740148173498 0
1616454180859 0.775650943670685 0
1616454180882 0.7777927104353841 0
1616454180901 0.7776960600077861 0
1616454180894 0.7765210665642526 0
1616454180931 0.7783451060756317 0
1616454180986 0.7765810375616746 0
1616454180999 0.7786102288219108 0
1616454181044 0.7767284263538387 0
1616454181107 0.7773628909683694 0
1616454181167 0.7773247890134886 0
1616454181154 0.7787685444044404 0
1616454181168 0.7782211931064312 0
1616454181176 0.7756464753457735 0
1616454181207 0.7771602603238529 0
1616454181582 0.7789503085035565 0
1616454181599 0.7788956346474293 0
1616454181609 0.7788105285741127 0
1616454181623 0.7800619280164262 0
1616454181612 0.7769315372824326 0
1616454181643 0.7768780644482128 0
1616454181663 0.7765602595809861 0
1616454181664 0.777304756855491 0
1616454181673 0.7779539297416842 0
1616454181660 0.7765912545618988 0
1616454181654 0.776154574248213 0
1616454181677 0.776856374043564 0
1616454181680 0.7767829036973405 0
1616454181705 0.777900476506182 0
1616454181726 0.7793334718668995 0
1616454181737 0.7781980744504144 0
1616454181783 0.7773729989921789 0
1616454181801 0.7773991421670359 0
1616454181827 0.7782092293877639 0
1616454181872 0.7763026713501122 0
1616454181857 0.7769095341272985 0
1616454181940 0.7778150319412279 0
1616454181982 0.7766160185273695 0
1616454181991 0.7757215149358009 0
1616454182030 0.77778853927198 0
1616454182063 0.7767139079816906 0
1616454182065 0.7793422326192964 0
1616454182105 0.7774881672201678 0
1616454182141 0.77833006705477 0
1616454182164 0.7765749615498341 0
1616454182201 0.776997147735396 0
