1616454205526 0.8837152574792475 0
1616454205535 0.8851163078662391 0
1616454205574 0.8868741064107185 0
1616454205559 0.8804541170951351 0
1616454205598 0.8905797467913457 0
1616454205622 0.8891894021192026 0
1616454205676 0.8897307619040228 0
1616454205692 0.8864256201128644 0
1616454205751 0.8791181846433085 0
1616454205748 0.8838598394707883 0
1616454205747 0.8883674155634086 0
1616454205798 0.8851077410817864 0
1616454205816 0.8897560148467408 0
1616454205868 0.8859492245583059 0
1616454205892 0.8903989817501903 0
1616454206037 0.8904566517421794 0
1616454206032 0.8889229231543787 0
1616454206094 0.8885351190218017 0
1616454206158 0.8884340590221927 0
1616454206163 0.8910458783526694 0
1616454206281 0.8864412708993223 0
1616454206271 0.8924632755126469 0
1616454206271 0.8897799750761773 0
1616454206341 0.8882137213183101 0
1616454206388 0.8928521916019236 0
1616454206441 0.8914716466324909 0
1616454206463 0.8917307642695003 0
1616454206560 0.88814438131312 0
1616454206595 0.8906998734299896 0
1616454206691 0.8822034685845871 0
1616454206701 0.8919325840729622 0
1616454206715 0.8909603787865561 0
1616454206769 0.891593811861902 0
1616454206837 0.8870548362823655 0
1616454206884 0.8873679805743262 0
1616454206912 0.8924103008927329 0
1616454207055 0.887956380420313 0
1616454207033 0.8914069948796038 0
1616454207130 0.8885276192153415 0
1616454207170 0.8926266275375644 0
1616454207185 0.8895524725328967 0
1616454207263 0.8880830307218655 0
1616454207318 0.8868491128156714 0
1616454207346 0.8858357509385396 0
1616454207376 0.8928849308034771 0
1616454207496 0.8927148997827664 0
1616454207523 0.8908787972373157 0
1616454207558 0.8833073482317848 0
1616454207577 0.8835869758865388 0
1616454207722 0.8902278949506532 0
1616454207759 0.8909727355273874 0
1616454207748 0.8915863493933129 0
1616454207890 0.886460151985969 0
1616454207942 0.8873271380946965 0
1616454207941 0.8842094607329034 0
1616454208024 0.8798107641467898 0
1616454208057 0.889922577390915 0
1616454208139 0.8889094111212515 0
1616454208173 0.8864841363211668 0
1616454208190 0.8865799111812487 0
1616454208337 0.8885607824872028 0
1616454208379 0.890172111709678 0
1616454208405 0.8874353564454022 0
1616454208541 0.890916475541496 0
1616454208540 0.8871600422248201 0
1616454208599 0.8859758307600837 0
1616454208677 0.8844111302718242 0
1616454208781 0.8921471723522407 0
1616454208782 0.894740180556266 0
1616454208852 0.8888763508689884 0
1616454208932 0.8875761250388406 0
1616454208945 0.8924723306102049 0
1616454209082 0.8877340467666892 0
1616454209118 0.8893082281885091 0
1616454209233 0.8894708708595415 0
1616454209352 0.8944736248286074 0
1616454209351 0.8884471083578057 0
1616454209409 0.8906746338101457 0
1616454209451 0.8883875281871709 0
1616454209617 0.8764735180858625 0
1616454209630 0.8892015766863663 0
1616454209635 0.8832762157212442 0
1616454209817 0.8882416785845695 0
1616454209838 0.8879971858401597 0
1616454209877 0.8935636310079897 0
1616454209999 0.8893452275932864 0
1616454210053 0.8907620754726737 0
1616454210035 0.8910147814062858 0
1616454210108 0.8900889303624421 0
1616454210237 0.8830960791252891 0
1616454210249 0.8902553604574163 0
1616454210342 0.8931404732023935 0
1616454210407 0.8869840172947415 0
1616454210456 0.8913537827345591 0
1616454210525 0.8859255011967206 0
1616454210601 0.8896172823157454 0
1616454210678 0.8919076504967062 0
1616454210690 0.8858389814692489 0
1616454210775 0.8781554313514155 0
1616454210870 0.8875942957120742 0
