1616454205398 0.6 0
1616454205407 0.57 0
1616454205423 0.5833333333333334 0
1616454205424 0.57 0
1616454205461 0.5681063122923588 0
1616454205490 0.5780730897009967 0
1616454205547 0.5780730897009967 0
1616454205564 0.5481727574750831 0
1616454205579 0.574750830564784 0
1616454205613 0.5681063122923588 0
1616454205651 0.574750830564784 0
1616454205712 0.5681063122923588 0
1616454205727 0.5714285714285714 0
1616454205790 0.584717607973422 0
1616454205801 0.574750830564784 0
1616454205916 0.5813953488372093 0
1616454205924 0.5780730897009967 0
1616454205973 0.574750830564784 0
1616454206015 0.5647840531561462 0
1616454206039 0.5780730897009967 0
1616454206139 0.5813953488372093 0
1616454206140 0.5581395348837209 0
1616454206145 0.574750830564784 0
1616454206238 0.5581395348837209 0
1616454206298 0.574750830564784 0
1616454206313 0.5548172757475083 0
1616454206334 0.5913621262458472 0
1616454206434 0.5681063122923588 0
1616454206480 0.574750830564784 0
1616454206540 0.5813953488372093 0
1616454206553 0.5714285714285714 0
1616454206570 0.584717607973422 0
1616454206643 0.5614617940199336 0
1616454206714 0.584717607973422 0
1616454206747 0.5913621262458472 0
1616454206803 0.5813953488372093 0
1616454206884 0.5813953488372093 0
1616454206906 0.5780730897009967 0
1616454207003 0.5780730897009967 0
1616454207045 0.5681063122923588 0
1616454207050 0.5681063122923588 0
1616454207131 0.5946843853820598 0
1616454207199 0.5714285714285714 0
1616454207241 0.574750830564784 0
1616454207265 0.5813953488372093 0
1616454207359 0.5714285714285714 0
1616454207393 0.574750830564784 0
1616454207433 0.5880398671096345 0
1616454207458 0.5714285714285714 0
1616454207572 0.5647840531561462 0
1616454207597 0.5647840531561462 0
1616454207607 0.5681063122923588 0
1616454207748 0.584717607973422 0
1616454207774 0.5913621262458472 0
1616454207811 0.584717607973422 0
1616454207873 0.5780730897009967 0
1616454207901 0.574750830564784 0
1616454207992 0.5913621262458472 0
1616454208033 0.584717607973422 0
1616454208067 0.5614617940199336 0
1616454208151 0.574750830564784 0
1616454208248 0.5714285714285714 0
1616454208227 0.5714285714285714 0
1616454208351 0.5913621262458472 0
1616454208404 0.5714285714285714 0
1616454208456 0.5714285714285714 0
1616454208549 0.584717607973422 0
1616454208549 0.5681063122923588 0
1616454208622 0.5581395348837209 0
1616454208708 0.574750830564784 0
1616454208822 0.584717607973422 0
1616454208842 0.5714285714285714 0
1616454208936 0.574750830564784 0
1616454209021 0.5714285714285714 0
1616454209114 0.5714285714285714 0
1616454209163 0.5614617940199336 0
1616454209194 0.5780730897009967 0
1616454209294 0.5681063122923588 0
1616454209329 0.5681063122923588 0
1616454209477 0.5980066445182725 0
1616454209479 0.5681063122923588 0
1616454209500 0.5647840531561462 0
1616454209661 0.5813953488372093 0
1616454209678 0.5614617940199336 0
1616454209719 0.5714285714285714 0
1616454209826 0.5614617940199336 0
1616454209903 0.574750830564784 0
1616454209928 0.5880398671096345 0
1616454209922 0.5714285714285714 0
1616454210075 0.5780730897009967 0
1616454210118 0.5780730897009967 0
1616454210170 0.5681063122923588 0
1616454210263 0.5681063122923588 0
1616454210331 0.5813953488372093 0
1616454210373 0.5813953488372093 0
1616454210473 0.5614617940199336 0
1616454210545 0.5681063122923588 0
1616454210558 0.584717607973422 0
1616454210662 0.584717607973422 0
1616454210733 0.5780730897009967 0
