1616454205526 0.6 0
1616454205535 0.57 0
1616454205559 0.57 0
1616454205574 0.5833333333333334 0
1616454205598 0.5681063122923588 0
1616454205622 0.5780730897009967 0
1616454205676 0.5780730897009967 0
1616454205692 0.5481727574750831 0
1616454205748 0.574750830564784 0
1616454205751 0.574750830564784 0
1616454205747 0.5681063122923588 0
1616454205798 0.5681063122923588 0
1616454205816 0.5714285714285714 0
1616454205868 0.574750830564784 0
1616454205892 0.584717607973422 0
1616454206037 0.5780730897009967 0
1616454206032 0.5813953488372093 0
1616454206094 0.574750830564784 0
1616454206158 0.5647840531561462 0
1616454206163 0.5780730897009967 0
1616454206281 0.574750830564784 0
1616454206271 0.5581395348837209 0
1616454206271 0.5813953488372093 0
1616454206341 0.5581395348837209 0
1616454206388 0.574750830564784 0
1616454206441 0.5548172757475083 0
1616454206463 0.5913621262458472 0
1616454206560 0.5681063122923588 0
1616454206595 0.574750830564784 0
1616454206691 0.5714285714285714 0
1616454206701 0.5813953488372093 0
1616454206715 0.584717607973422 0
1616454206769 0.5614617940199336 0
1616454206837 0.584717607973422 0
1616454206884 0.5913621262458472 0
1616454206912 0.5813953488372093 0
1616454207055 0.5780730897009967 0
1616454207033 0.5813953488372093 0
1616454207130 0.5780730897009967 0
1616454207170 0.5681063122923588 0
1616454207185 0.5681063122923588 0
1616454207263 0.5946843853820598 0
1616454207318 0.5714285714285714 0
1616454207346 0.574750830564784 0
1616454207376 0.5813953488372093 0
1616454207496 0.5714285714285714 0
1616454207523 0.574750830564784 0
1616454207558 0.5880398671096345 0
1616454207577 0.5714285714285714 0
1616454207722 0.5647840531561462 0
1616454207759 0.5681063122923588 0
1616454207748 0.5647840531561462 0
1616454207890 0.584717607973422 0
1616454207942 0.584717607973422 0
1616454207941 0.5913621262458472 0
1616454208024 0.5780730897009967 0
1616454208057 0.574750830564784 0
1616454208139 0.5913621262458472 0
1616454208173 0.584717607973422 0
1616454208190 0.5614617940199336 0
1616454208337 0.574750830564784 0
1616454208379 0.5714285714285714 0
1616454208405 0.5714285714285714 0
1616454208541 0.5913621262458472 0
1616454208540 0.5714285714285714 0
1616454208599 0.5714285714285714 0
1616454208677 0.584717607973422 0
1616454208781 0.5581395348837209 0
1616454208782 0.5681063122923588 0
1616454208852 0.574750830564784 0
1616454208932 0.5714285714285714 0
1616454208945 0.584717607973422 0
1616454209082 0.574750830564784 0
1616454209118 0.5714285714285714 0
1616454209233 0.5714285714285714 0
1616454209351 0.5614617940199336 0
1616454209352 0.5780730897009967 0
1616454209409 0.5681063122923588 0
1616454209451 0.5681063122923588 0
1616454209617 0.5980066445182725 0
1616454209630 0.5647840531561462 0
1616454209635 0.5681063122923588 0
1616454209817 0.5813953488372093 0
1616454209838 0.5614617940199336 0
1616454209877 0.5714285714285714 0
1616454209999 0.5614617940199336 0
1616454210035 0.574750830564784 0
1616454210053 0.5714285714285714 0
1616454210108 0.5880398671096345 0
1616454210237 0.5780730897009967 0
1616454210249 0.5780730897009967 0
1616454210342 0.5681063122923588 0
1616454210407 0.5681063122923588 0
1616454210456 0.5813953488372093 0
1616454210525 0.5813953488372093 0
1616454210601 0.5614617940199336 0
1616454210678 0.5681063122923588 0
1616454210690 0.584717607973422 0
1616454210775 0.584717607973422 0
1616454210870 0.5780730897009967 0
