1616454205526 0.57764328309352 0
1616454205535 0.540185721953838 0
1616454205559 0.5485500805152979 0
1616454205574 0.5672444925966053 0
1616454205598 0.5503669937417909 0
1616454205622 0.5598193529558535 0
1616454205676 0.5581009039635324 0
1616454205692 0.5129554058704952 0
1616454205748 0.5531698595543412 0
1616454205751 0.5529514775816415 0
1616454205747 0.5449104404494537 0
1616454205798 0.5481928764745915 0
1616454205816 0.550458765673138 0
1616454205868 0.5568770764119602 0
1616454205892 0.5684872614887829 0
1616454206037 0.5572859576808676 0
1616454206032 0.5597117559687823 0
1616454206094 0.5561508586402134 0
1616454206158 0.5389739828278035 0
1616454206163 0.559593751821414 0
1616454206281 0.5586140792257949 0
1616454206271 0.5255873507429354 0
1616454206271 0.5628540103703544 0
1616454206341 0.5337731304630631 0
1616454206388 0.5557999157737119 0
1616454206441 0.5346647562364524 0
1616454206463 0.5767246829058335 0
1616454206560 0.5444795127353267 0
1616454206595 0.552073943596672 0
1616454206691 0.5514629597248937 0
1616454206701 0.5667065241778639 0
1616454206715 0.5635161597742468 0
1616454206769 0.53833800657253 0
1616454206837 0.5705925303931948 0
1616454206884 0.5627514875984888 0
1616454206912 0.5588547781413666 0
1616454207055 0.5563393533668057 0
1616454207033 0.5612794320075347 0
1616454207130 0.5644045199926888 0
1616454207170 0.5466163790076183 0
1616454207185 0.5546928591604234 0
1616454207263 0.5765772183060468 0
1616454207318 0.5485131039358382 0
1616454207346 0.5510643533899349 0
1616454207376 0.5629674343709322 0
1616454207496 0.5475792963629718 0
1616454207523 0.5476319914858121 0
1616454207558 0.5682188083456741 0
1616454207577 0.5383905500184569 0
1616454207722 0.5502184354986086 0
1616454207759 0.5448915582039293 0
1616454207748 0.5444549912988451 0
1616454207890 0.567072375570528 0
1616454207942 0.5658265390277193 0
1616454207941 0.5712380116592489 0
1616454208024 0.5560059941289177 0
1616454208057 0.5552808467897705 0
1616454208139 0.5673332968314609 0
1616454208173 0.573211685750928 0
1616454208190 0.5381421515281358 0
1616454208337 0.5603743870497883 0
1616454208379 0.5474841437632136 0
1616454208405 0.5625916614288707 0
1616454208541 0.5782546706659314 0
1616454208540 0.5457733480989295 0
1616454208599 0.5555863172142242 0
1616454208677 0.566483151400095 0
1616454208770 0.5271533448560182 0
1616454208782 0.5479738519928179 0
1616454208852 0.5495871250421301 0
1616454208932 0.5521728904639588 0
1616454208945 0.5704817335737742 0
1616454209082 0.5540632560361639 0
1616454209118 0.5486310236912608 0
1616454209233 0.5497608302177642 0
1616454209351 0.5345182724252491 0
1616454209352 0.5610101968905955 0
1616454209409 0.5526680274884429 0
1616454209451 0.5483044770003074 0
1616454209617 0.5767373861009112 0
1616454209630 0.5415063670877625 0
1616454209635 0.5483822693125019 0
1616454209817 0.5599912717387179 0
1616454209838 0.5458799307472744 0
1616454209877 0.5506346627452375 0
1616454209999 0.5377571123839007 0
1616454210035 0.5583824851140321 0
1616454210053 0.553486797562627 0
1616454210108 0.5737888066723107 0
1616454210233 0.5547286821705427 0
1616454210249 0.5598394960521207 0
1616454210342 0.5491895432937032 0
1616454210407 0.535327773191768 0
1616454210456 0.5617853906890452 0
1616454210525 0.5633564721692016 0
1616454210601 0.5387840435939685 0
1616454210678 0.5449676292699549 0
1616454210690 0.5656401535934216 0
1616454210775 0.5661308632386987 0
1616454210870 0.5648310976777492 0
