1616454205526 0.5654122606952796 0
1616454205535 0.5321276595744682 0
1616454205559 0.5416548424083218 0
1616454205574 0.5468681176318175 0
1616454205598 0.5320995631274734 0
1616454205622 0.5501987452391578 0
1616454205676 0.5412640720434272 0
1616454205692 0.5063688477505167 0
1616454205748 0.5395561235478781 0
1616454205751 0.540846309896449 0
1616454205747 0.5323033784759466 0
1616454205798 0.5372585821805843 0
1616454205816 0.5380117273182058 0
1616454205868 0.5404471866265886 0
1616454205892 0.5477222883515632 0
1616454206037 0.5432733403211053 0
1616454206032 0.5474920706810467 0
1616454206094 0.537968880957495 0
1616454206158 0.5219260468138477 0
1616454206163 0.5462736751119207 0
1616454206281 0.5350679523573048 0
1616454206271 0.5132827910474951 0
1616454206271 0.546584903603176 0
1616454206341 0.5188428626430984 0
1616454206388 0.5389493081101601 0
1616454206441 0.5216175229265329 0
1616454206463 0.5555028212835522 0
1616454206560 0.5350820263547277 0
1616454206595 0.53875504987989 0
1616454206691 0.5389607733446361 0
1616454206701 0.5452106539608954 0
1616454206715 0.5509654098291962 0
1616454206769 0.5240963332608785 0
1616454206837 0.5506445839407771 0
1616454206884 0.5540528712841184 0
1616454206912 0.5470240803682178 0
1616454207055 0.5441609952589614 0
1616454207033 0.5422901293704091 0
1616454207130 0.5482761555235024 0
1616454207170 0.5318831786827038 0
1616454207185 0.5331962242261246 0
1616454207263 0.5583233453694133 0
1616454207318 0.5349718782057978 0
1616454207346 0.5376206307729661 0
1616454207376 0.5435717548510451 0
1616454207496 0.5339383929030111 0
1616454207523 0.5380685438988538 0
1616454207558 0.5529315872378963 0
1616454207577 0.5331957611934924 0
1616454207722 0.5275902431743117 0
1616454207759 0.5265649078503944 0
1616454207748 0.5313244933490715 0
1616454207890 0.5473626503113616 0
1616454207942 0.548816588719745 0
1616454207941 0.5556309742237624 0
1616454208024 0.5430038196678133 0
1616454208057 0.5356286608169387 0
1616454208139 0.5525075533301823 0
1616454208173 0.5497509644653961 0
1616454208190 0.5240559490521981 0
1616454208337 0.5398711776802784 0
1616454208379 0.531304276467458 0
1616454208405 0.5356462328809821 0
1616454208541 0.5562938353636029 0
1616454208540 0.5346363071604139 0
1616454208599 0.5372733068681605 0
1616454208677 0.5523654608264741 0
1616454208781 0.5206401195759416 0
1616454208782 0.5362902417422033 0
1616454208852 0.5420667362359631 0
1616454208932 0.5337907439704822 0
1616454208945 0.5482307154249736 0
1616454209082 0.5400808743644453 0
1616454209118 0.5366592884794612 0
1616454209233 0.5378068021580371 0
1616454209351 0.5250751463376048 0
1616454209352 0.5440417066725578 0
1616454209409 0.5304101978787891 0
1616454209451 0.5218786174789373 0
1616454209617 0.5695640132439044 0
1616454209630 0.5235662526690978 0
1616454209635 0.5252807515999715 0
1616454209817 0.5462745021463645 0
1616454209838 0.5280840811856798 0
1616454209877 0.5367357107226207 0
1616454209999 0.5233719702211027 0
1616454210053 0.5385036563043567 0
1616454210035 0.5423176177331664 0
1616454210108 0.5532288700854668 0
1616454210237 0.5467255797437908 0
1616454210249 0.5438803373786357 0
1616454210342 0.5324268082941561 0
1616454210407 0.5252531915407077 0
1616454210456 0.5434137184217562 0
1616454210525 0.5481938753185627 0
1616454210601 0.5240836042566125 0
1616454210678 0.5292559914493308 0
1616454210690 0.5483815347616687 0
1616454210775 0.5494552276324997 0
1616454210870 0.5469110677562181 0
