1616454205526 0.7167271990740742 0
1616454205535 0.7148678784013605 0
1616454205574 0.7123999461009451 0
1616454205559 0.7147949879227053 0
1616454205598 0.7116919606234619 0
1616454205622 0.7146660037522943 0
1616454205676 0.7111804173816217 0
1616454205692 0.7152440992694953 0
1616454205751 0.7207791345157717 0
1616454205748 0.7166103437955864 0
1616454205747 0.7141655904311635 0
1616454205798 0.7152164378498764 0
1616454205816 0.7123011499890759 0
1616454205868 0.7152557364821155 0
1616454205892 0.7100201480413275 0
1616454206037 0.7150994778531885 0
1616454206032 0.7104965476798948 0
1616454206094 0.7105652658470581 0
1616454206158 0.7122068242651676 0
1616454206163 0.7098790209956912 0
1616454206281 0.7138087442594159 0
1616454206271 0.7069715992167487 0
1616454206271 0.7126799307204043 0
1616454206341 0.7106755763839553 0
1616454206388 0.7106864662227903 0
1616454206441 0.7115689225687414 0
1616454206463 0.7106981899729005 0
1616454206560 0.7151612526652114 0
1616454206595 0.7107087638844086 0
1616454206691 0.7194338328242329 0
1616454206701 0.7115462018410966 0
1616454206715 0.7136716661082088 0
1616454206769 0.7109075822365881 0
1616454206837 0.7137479333802867 0
1616454206884 0.7113326861511613 0
1616454206912 0.7107890320025219 0
1616454207055 0.7144218160774811 0
1616454207033 0.7112182956819717 0
1616454207130 0.7135247630049324 0
1616454207170 0.7125481754706307 0
1616454207185 0.7136093229477531 0
1616454207263 0.7098993446865962 0
1616454207318 0.7121404234987319 0
1616454207346 0.7133995655507284 0
1616454207376 0.7124778278656463 0
1616454207496 0.711001380544051 0
1616454207523 0.7141799419113367 0
1616454207558 0.7173621239640757 0
1616454207577 0.7193994360708317 0
1616454207722 0.712161921342777 0
1616454207759 0.711855302759828 0
1616454207748 0.7133277962347729 0
1616454207890 0.7136627795212733 0
1616454207942 0.7129574495272171 0
1616454207941 0.7161544051878355 0
1616454208024 0.7172666336504268 0
1616454208057 0.7142967271613989 0
1616454208139 0.7157280662842022 0
1616454208173 0.7095422091991499 0
1616454208190 0.711719415575706 0
1616454208337 0.7113471998470051 0
1616454208379 0.7108888793241822 0
1616454208405 0.71066344402126 0
1616454208541 0.7124080382863793 0
1616454208540 0.7120467360351623 0
1616454208599 0.7131796929262935 0
1616454208677 0.716828398547545 0
1616454208782 0.7104663620697218 0
1616454208781 0.7098969209776933 0
1616454208852 0.7122476940868875 0
1616454208932 0.7129683449855793 0
1616454208945 0.7117949333626354 0
1616454209082 0.7160716284338868 0
1616454209118 0.7093955476347696 0
1616454209233 0.7111931382570917 0
1616454209352 0.709504726995492 0
1616454209351 0.71303657093106 0
1616454209409 0.711137257675879 0
1616454209451 0.7097794283882066 0
1616454209617 0.7204541501708295 0
1616454209630 0.7090722665877945 0
1616454209635 0.7130585677142443 0
1616454209817 0.7123891743638421 0
1616454209838 0.7123931953888962 0
1616454209877 0.7114055005613971 0
1616454209999 0.7138994509890468 0
1616454210053 0.7137069846123376 0
1616454210035 0.7138550709105849 0
1616454210108 0.7131269616680842 0
1616454210237 0.7131547576057724 0
1616454210249 0.7127556127283314 0
1616454210342 0.710448704845847 0
1616454210407 0.7112563453085987 0
1616454210456 0.7119113732640355 0
1616454210525 0.7155397339901013 0
1616454210601 0.7119831559636377 0
1616454210678 0.7123456857417213 0
1616454210690 0.7136229390644023 0
1616454210775 0.7162328470316337 0
1616454210870 0.7131334239027605 0
