1616454241351 0.6633333333333333 0
1616454241356 0.66 0
1616454241362 0.6466666666666666 0
1616454241366 0.65 0
1616454241374 0.6511627906976745 0
1616454241377 0.6578073089700996 0
1616454241386 0.6445182724252492 0
1616454241392 0.6578073089700996 0
1616454241404 0.654485049833887 0
1616454241413 0.654485049833887 0
1616454241429 0.6578073089700996 0
1616454241437 0.6478405315614618 0
1616454241451 0.6478405315614618 0
1616454241456 0.6511627906976745 0
1616454241460 0.654485049833887 0
1616454241485 0.6677740863787376 0
1616454241491 0.6445182724252492 0
1616454241502 0.654485049833887 0
1616454241513 0.6411960132890365 0
1616454241520 0.6511627906976745 0
1616454241532 0.654485049833887 0
1616454241550 0.6578073089700996 0
1616454241553 0.654485049833887 0
1616454241566 0.6445182724252492 0
1616454241578 0.6578073089700996 0
1616454241590 0.6511627906976745 0
1616454241675 0.6511627906976745 0
1616454241698 0.6478405315614618 0
1616454241721 0.654485049833887 0
1616454241727 0.6511627906976745 0
1616454241730 0.6511627906976745 0
1616454241746 0.6578073089700996 0
1616454241779 0.6511627906976745 0
1616454241790 0.654485049833887 0
1616454241803 0.6511627906976745 0
1616454241816 0.6511627906976745 0
1616454241857 0.6478405315614618 0
1616454241878 0.6611295681063123 0
1616454241904 0.6411960132890365 0
1616454241914 0.6445182724252492 0
1616454241921 0.654485049833887 0
1616454241957 0.6511627906976745 0
1616454242009 0.6511627906976745 0
1616454242023 0.6445182724252492 0
1616454242073 0.6511627906976745 0
1616454242090 0.6478405315614618 0
1616454242093 0.654485049833887 0
1616454242139 0.654485049833887 0
1616454242154 0.6611295681063123 0
1616454242185 0.6478405315614618 0
1616454242216 0.654485049833887 0
1616454242271 0.6611295681063123 0
1616454242274 0.6644518272425249 0
1616454242284 0.6578073089700996 0
1616454242311 0.6611295681063123 0
1616454242350 0.6511627906976745 0
1616454242405 0.654485049833887 0
1616454242444 0.6511627906976745 0
1616454242459 0.6511627906976745 0
1616454242472 0.6411960132890365 0
1616454242534 0.6611295681063123 0
1616454242756 0.6478405315614618 0
1616454242819 0.6478405315614618 0
1616454242824 0.6511627906976745 0
1616454242837 0.6511627906976745 0
1616454242839 0.6478405315614618 0
1616454242854 0.6611295681063123 0
1616454242864 0.6478405315614618 0
1616454242867 0.6578073089700996 0
1616454242855 0.6511627906976745 0
1616454242873 0.654485049833887 0
1616454242919 0.6677740863787376 0
1616454242935 0.6511627906976745 0
1616454242961 0.6578073089700996 0
1616454242963 0.6511627906976745 0
1616454242977 0.6611295681063123 0
1616454243046 0.6511627906976745 0
1616454243136 0.654485049833887 0
1616454243120 0.6644518272425249 0
1616454243144 0.6511627906976745 0
1616454243214 0.6511627906976745 0
1616454243223 0.6312292358803987 0
1616454243232 0.6478405315614618 0
1616454243313 0.6445182724252492 0
1616454243317 0.6511627906976745 0
1616454243372 0.654485049833887 0
1616454243457 0.6611295681063123 0
1616454243470 0.6611295681063123 0
1616454243565 0.6611295681063123 0
1616454243607 0.6478405315614618 0
1616454243618 0.6578073089700996 0
1616454243693 0.6445182724252492 0
1616454243716 0.6511627906976745 0
1616454243745 0.6511627906976745 0
1616454243799 0.6411960132890365 0
1616454243921 0.6578073089700996 0
1616454243924 0.6644518272425249 0
1616454243960 0.654485049833887 0
1616454244009 0.6511627906976745 0
1616454244045 0.6611295681063123 0
