1616454241376 0.6074038193077883 0
1616454241381 0.6014538460158898 0
1616454241388 0.5931588418489858 0
1616454241389 0.5952848345684166 0
1616454241398 0.5986270541362763 0
1616454241405 0.6098868679644712 0
1616454241409 0.5880898470053619 0
1616454241416 0.6060296189551666 0
1616454241430 0.6012950030510543 0
1616454241438 0.6021748760811289 0
1616454241465 0.6060091446438034 0
1616454241478 0.5949293723783449 0
1616454241490 0.5926904131252211 0
1616454241492 0.5976415723944908 0
1616454241495 0.6022675930386325 0
1616454241523 0.6193085593547885 0
1616454241529 0.5895584196980816 0
1616454241539 0.602683151459619 0
1616454241551 0.579740397797499 0
1616454241557 0.5984977103558006 0
1616454241568 0.6013090004762642 0
1616454241589 0.6034074328854429 0
1616454241589 0.6054136371975879 0
1616454241615 0.6012067862933297 0
1616454241630 0.5930825459800262 0
1616454241633 0.6013621178015726 0
1616454241724 0.5989662809630513 0
1616454241764 0.5927702019355301 0
1616454241766 0.5943819452400045 0
1616454241781 0.6018424630903135 0
1616454241783 0.6085812750778082 0
1616454241790 0.6050570348428064 0
1616454241815 0.6000253079142048 0
1616454241826 0.5984703424272677 0
1616454241879 0.5965741613086285 0
1616454241893 0.5945370724629047 0
1616454241894 0.6006375790201395 0
1616454241933 0.6120777252401172 0
1616454241940 0.5859741079521813 0
1616454241951 0.5881735265379985 0
1616454242023 0.6053071120918341 0
1616454242030 0.5977142420721296 0
1616454242099 0.5989735706847821 0
1616454242101 0.5911067950911653 0
1616454242132 0.597809409248864 0
1616454242164 0.5978522567296699 0
1616454242172 0.6090379003546479 0
1616454242219 0.6021025063326587 0
1616454242229 0.6099798612005639 0
1616454242262 0.5938043329856434 0
1616454242279 0.6045632360304324 0
1616454242334 0.6096294694807818 0
1616454242349 0.6154225928432192 0
1616454242360 0.6065377681737657 0
1616454242385 0.6063218983768676 0
1616454242424 0.5951232355384547 0
1616454242473 0.6071064526364919 0
1616454242499 0.590274045648304 0
1616454242556 0.5972665031809862 0
1616454242557 0.5774994443308137 0
1616454242634 0.6109386696614562 0
1616454242864 0.5923937278025802 0
1616454242930 0.5991462897850879 0
1616454242941 0.5921657670216289 0
1616454242946 0.5987242873495566 0
1616454242933 0.5916839934346723 0
1616454242963 0.6130876372914049 0
1616454242975 0.5932328222642104 0
1616454242975 0.6068667329888794 0
1616454242983 0.597231741578173 0
1616454243003 0.6033466447209752 0
1616454243022 0.6189513540946394 0
1616454243034 0.5980094862584164 0
1616454243039 0.6020560748696596 0
1616454243066 0.593807097255412 0
1616454243085 0.6119665069421175 0
1616454243189 0.597809409248864 0
1616454243203 0.6105208238626062 0
1616454243244 0.5980204902187006 0
1616454243275 0.5939240275521529 0
1616454243321 0.5930119764855044 0
1616454243330 0.5608603505556191 0
1616454243355 0.5908006403191942 0
1616454243421 0.5862121805501435 0
1616454243436 0.5992337928821657 0
1616454243448 0.6032853945723089 0
1616454243549 0.6138302746223137 0
1616454243578 0.6125650156354997 0
1616454243674 0.6137283492616897 0
1616454243683 0.5915532339475351 0
1616454243721 0.6033911057857638 0
1616454243802 0.5860396167973063 0
1616454243842 0.5986270541362763 0
1616454243853 0.597179265462158 0
1616454243883 0.5843380468039361 0
1616454243986 0.6067517129418457 0
1616454244038 0.6108830991439764 0
1616454244063 0.6032649571267803 0
1616454244114 0.5991267663947357 0
1616454244189 0.6098404692016892 0
