1616454241376 0.6633333333333333 0
1616454241381 0.66 0
1616454241388 0.6466666666666666 0
1616454241389 0.65 0
1616454241398 0.6511627906976745 0
1616454241405 0.6578073089700996 0
1616454241409 0.6445182724252492 0
1616454241416 0.6578073089700996 0
1616454241430 0.654485049833887 0
1616454241438 0.654485049833887 0
1616454241465 0.6578073089700996 0
1616454241478 0.6478405315614618 0
1616454241490 0.6478405315614618 0
1616454241492 0.6511627906976745 0
1616454241495 0.654485049833887 0
1616454241523 0.6677740863787376 0
1616454241529 0.6445182724252492 0
1616454241539 0.654485049833887 0
1616454241551 0.6411960132890365 0
1616454241557 0.6511627906976745 0
1616454241569 0.654485049833887 0
1616454241589 0.654485049833887 0
1616454241589 0.6578073089700996 0
1616454241615 0.6578073089700996 0
1616454241630 0.6445182724252492 0
1616454241633 0.6511627906976745 0
1616454241724 0.6511627906976745 0
1616454241765 0.6511627906976745 0
1616454241766 0.6478405315614618 0
1616454241781 0.6511627906976745 0
1616454241783 0.6578073089700996 0
1616454241790 0.654485049833887 0
1616454241815 0.6511627906976745 0
1616454241826 0.654485049833887 0
1616454241879 0.6511627906976745 0
1616454241893 0.6478405315614618 0
1616454241894 0.6511627906976745 0
1616454241933 0.6611295681063123 0
1616454241940 0.6411960132890365 0
1616454241951 0.6445182724252492 0
1616454242023 0.654485049833887 0
1616454242030 0.6511627906976745 0
1616454242099 0.6511627906976745 0
1616454242101 0.6445182724252492 0
1616454242132 0.6511627906976745 0
1616454242164 0.6478405315614618 0
1616454242172 0.654485049833887 0
1616454242219 0.654485049833887 0
1616454242229 0.6611295681063123 0
1616454242262 0.6478405315614618 0
1616454242279 0.654485049833887 0
1616454242334 0.6611295681063123 0
1616454242349 0.6644518272425249 0
1616454242360 0.6578073089700996 0
1616454242385 0.6611295681063123 0
1616454242424 0.6511627906976745 0
1616454242473 0.654485049833887 0
1616454242499 0.6511627906976745 0
1616454242556 0.6511627906976745 0
1616454242557 0.6411960132890365 0
1616454242634 0.6611295681063123 0
1616454242864 0.6478405315614618 0
1616454242930 0.6478405315614618 0
1616454242941 0.6478405315614618 0
1616454242946 0.6511627906976745 0
1616454242933 0.6511627906976745 0
1616454242963 0.6611295681063123 0
1616454242975 0.6511627906976745 0
1616454242975 0.6578073089700996 0
1616454242983 0.6478405315614618 0
1616454243003 0.654485049833887 0
1616454243022 0.6677740863787376 0
1616454243034 0.6511627906976745 0
1616454243039 0.6578073089700996 0
1616454243066 0.6511627906976745 0
1616454243085 0.6611295681063123 0
1616454243189 0.6511627906976745 0
1616454243203 0.6644518272425249 0
1616454243244 0.654485049833887 0
1616454243275 0.6511627906976745 0
1616454243321 0.6511627906976745 0
1616454243330 0.6312292358803987 0
1616454243355 0.6478405315614618 0
1616454243421 0.6445182724252492 0
1616454243448 0.654485049833887 0
1616454243436 0.6511627906976745 0
1616454243549 0.6611295681063123 0
1616454243578 0.6611295681063123 0
1616454243674 0.6611295681063123 0
1616454243683 0.6478405315614618 0
1616454243721 0.6578073089700996 0
1616454243802 0.6445182724252492 0
1616454243842 0.6511627906976745 0
1616454243853 0.6511627906976745 0
1616454243883 0.6411960132890365 0
1616454243986 0.6578073089700996 0
1616454244038 0.6644518272425249 0
1616454244063 0.654485049833887 0
1616454244114 0.6511627906976745 0
1616454244189 0.6611295681063123 0
