1616454241376 0.7221041055718475 0
1616454241381 0.7097984509769407 0
1616454241388 0.6934869194591418 0
1616454241389 0.6908035280227793 0
1616454241398 0.6959923459730466 0
1616454241405 0.6995356393267311 0
1616454241409 0.6971367841960491 0
1616454241416 0.7035828809808352 0
1616454241430 0.6972314507198228 0
1616454241438 0.6979294467956052 0
1616454241465 0.7050470995173838 0
1616454241478 0.6923250080351188 0
1616454241490 0.6930667615883562 0
1616454241492 0.6974953857511997 0
1616454241495 0.7007529323472614 0
1616454241523 0.7092588902797811 0
1616454241529 0.688440950150552 0
1616454241539 0.697386385206032 0
1616454241551 0.7103587205390718 0
1616454241557 0.6942631271228461 0
1616454241568 0.7024931670832921 0
1616454241589 0.7002095699031837 0
1616454241589 0.7012450636243966 0
1616454241615 0.7153544338465568 0
1616454241630 0.6844924674564867 0
1616454241633 0.6925393354280187 0
1616454241724 0.7017561377073387 0
1616454241764 0.7183632954032435 0
1616454241766 0.6901145028859011 0
1616454241781 0.6895877109012184 0
1616454241783 0.6988121034555882 0
1616454241790 0.6990984467728654 0
1616454241815 0.6941754408184301 0
1616454241826 0.7093931160638627 0
1616454241879 0.6930849277572322 0
1616454241893 0.6958365120380624 0
1616454241894 0.6963180906412586 0
1616454241933 0.7008320272605622 0
1616454241940 0.6864980565506525 0
1616454241951 0.6868035510048471 0
1616454242023 0.686027959585418 0
1616454242030 0.6962608943695502 0
1616454242099 0.6937012744748102 0
1616454242101 0.6867004922284117 0
1616454242132 0.6992035138099061 0
1616454242164 0.6905355165321942 0
1616454242172 0.693646338514021 0
1616454242219 0.69527675045446 0
1616454242229 0.7149685891458049 0
1616454242262 0.6916635905007998 0
1616454242279 0.6958036103265653 0
1616454242334 0.7070120040117845 0
1616454242349 0.718986876978756 0
1616454242360 0.6959283393946925 0
1616454242385 0.7140051238994047 0
1616454242424 0.6999531033378641 0
1616454242473 0.6950515449217914 0
1616454242499 0.7050793650793651 0
1616454242556 0.7011383933781562 0
1616454242557 0.7122032939845904 0
1616454242634 0.7034758228808049 0
1616454242864 0.6899731468814917 0
1616454242930 0.689017654528924 0
1616454242933 0.7081827727848296 0
1616454242941 0.6845756060524824 0
1616454242946 0.6988799555955383 0
1616454242963 0.7167465582329846 0
1616454242975 0.7116443382041795 0
1616454242975 0.70204579188232 0
1616454242983 0.6870813382756694 0
1616454243003 0.7001359948474866 0
1616454243022 0.7107848948346427 0
1616454243034 0.694824979770882 0
1616454243039 0.7111021993811627 0
1616454243066 0.7047041988552215 0
1616454243085 0.7072411761365249 0
1616454243189 0.6992035138099061 0
1616454243203 0.7190313079502052 0
1616454243244 0.7160913234953256 0
1616454243275 0.6925837052319975 0
1616454243321 0.6944681932411568 0
1616454243329 0.7079222616626455 0
1616454243355 0.7157272566777116 0
1616454243421 0.708908034635693 0
1616454243436 0.6971348126789109 0
1616454243448 0.6985190873189996 0
1616454243549 0.7024539090014686 0
1616454243578 0.7017788741281055 0
1616454243674 0.7091258940534021 0
1616454243683 0.7043022660427012 0
1616454243721 0.6996127190468493 0
1616454243802 0.6819481121806703 0
1616454243842 0.6959923459730466 0
1616454243853 0.6942239300975661 0
1616454243883 0.6884916564228907 0
1616454243986 0.697815677685776 0
1616454244038 0.7242467898766126 0
1616454244063 0.711121915205863 0
1616454244114 0.6954492843834733 0
1616454244189 0.7029456319605508 0
