1616002721108 1.2828170235630514 0
1616002721405 1.2816986623853766 0
1616002722389 1.2876419220637159 0
1616002722707 1.2883398594014583 0
1616002722984 1.280587377560673 0
1616002723357 1.2906561060584698 0
1616002723371 1.282429787370205 0
1616002723737 1.282434545500157 0
1616002723931 1.2868689939576081 0
1616002724361 1.2835643979189657 0
1616002724744 1.2752463754659547 0
1616002724765 1.2807618896729422 0
1616002724931 1.2850063627935366 0
1616002725297 1.2900988990092972 0
1616002725367 1.280296478653024 0
1616002725479 1.2751368267799108 0
1616002725556 1.2810162705776453 0
1616002726116 1.283653686886054 0
1616002726174 1.2838040143433291 0
1616002726270 1.2860678537124925 0
1616002726669 1.2854302990152757 0
1616002726706 1.2887026558776278 0
1616002726696 1.2941958442400816 0
1616002726808 1.2850316054980582 0
1616002727173 1.284353106538724 0
1616002727182 1.2909886345270136 0
1616002727216 1.2870213490757871 0
1616002727273 1.2864739802465837 0
1616002727349 1.2841543470101557 0
1616002727384 1.2839503994005463 0
1616002727385 1.285065021621811 0
1616002727543 1.284907259863626 0
1616002727600 1.2862680452876494 0
1616002727655 1.285249244369384 0
1616002727650 1.2839075713188373 0
1616002727787 1.2822229470564535 0
1616002727771 1.2882396206061126 0
1616002727784 1.280214840535644 0
1616002727800 1.2827248367414212 0
1616002727927 1.2834669498998215 0
1616002727978 1.285573265587452 0
1616002728071 1.2863505346308468 0
1616002728159 1.288370815386912 0
1616002728302 1.2863959131679379 0
1616002728394 1.286551242547276 0
1616002728461 1.2862309291996272 0
1616002728446 1.2816896510191989 0
1616002728516 1.2829149714696313 0
1616002728525 1.2813803837610087 0
1616002728588 1.284641540716574 0
1616002728595 1.2824701128585247 0
1616002728590 1.2848790365286222 0
1616002728595 1.2871247871320668 0
1616002728629 1.2789846440829988 0
1616002728666 1.2811117959370275 0
1616002728654 1.2873332596110616 0
1616002728735 1.277052804870987 0
1616002728720 1.2823822084969612 0
1616002728787 1.2833457283700882 0
1616002728845 1.2815539464715684 0
1616002728854 1.27928340892023 0
1616002728909 1.285797941800359 0
1616002728910 1.2865360729132425 0
1616002729007 1.284648074738364 0
1616002728994 1.2877398886434315 0
1616002729037 1.284046506352447 0
1616002729039 1.2842576942600208 0
1616002729150 1.2827909750360293 0
1616002729198 1.2832449846298473 0
1616002729215 1.2821532938024256 0
1616002729215 1.284291610191923 0
1616002729300 1.2873694424052209 0
1616002729335 1.2848382468171484 0
1616002729341 1.2834875669734764 0
1616002729386 1.284637135797465 0
1616002729435 1.2831190859570072 0
1616002729468 1.2838558446840918 0
1616002729504 1.2851706904305542 0
1616002729508 1.2811440138472345 0
1616002729565 1.2894425139288668 0
1616002729659 1.2882816401480641 0
1616002729706 1.2864650937849493 0
1616002729725 1.2801646695918962 0
1616002729753 1.2816167183571934 0
1616002729776 1.2835978263552374 0
1616002729803 1.2824944393319382 0
1616002729809 1.2879870411066783 0
1616002729828 1.2831395406045794 0
1616002729839 1.2850281109642807 0
1616002729855 1.2807491939561444 0
1616002729939 1.2840075061739527 0
1616002730055 1.284575384354438 0
1616002730070 1.2805287107529921 0
1616002730268 1.2845843160476271 0
1616002730286 1.28316114101318 0
1616002730301 1.2799296341298079 0
1616002730305 1.2853166190643803 0
1616002730317 1.2787563580390349 0
1616002730560 1.2894979270359874 0
1616002731297 1.286865779128726 0
