1616002721108 0.6306620209059234 0
1616002721405 0.6085946573751452 0
1616002722389 0.6248548199767712 0
1616002722707 0.6144018583042973 0
1616002722984 0.59465737514518 0
1616002723357 0.6097560975609756 0
1616002723371 0.6225319396051103 0
1616002723737 0.6085946573751452 0
1616002723931 0.6062717770034843 0
1616002724361 0.627177700348432 0
1616002724744 0.6004645760743321 0
1616002724765 0.6097560975609756 0
1616002724931 0.6085946573751452 0
1616002725297 0.6144018583042973 0
1616002725367 0.6074332171893148 0
1616002725479 0.6132404181184669 0
1616002725556 0.6004645760743321 0
1616002726116 0.6039488966318235 0
1616002726174 0.610917537746806 0
1616002726270 0.6155632984901278 0
1616002726669 0.6236933797909407 0
1616002726706 0.6167247386759582 0
1616002726696 0.6144018583042973 0
1616002726808 0.6120789779326364 0
1616002727173 0.6236933797909407 0
1616002727182 0.6162790697674418 0
1616002727216 0.6027874564459931 0
1616002727273 0.6283391405342624 0
1616002727349 0.6209302325581395 0
1616002727384 0.6074332171893148 0
1616002727385 0.6046511627906976 0
1616002727543 0.6174418604651163 0
1616002727600 0.6174418604651163 0
1616002727655 0.6097560975609756 0
1616002727650 0.5976744186046512 0
1616002727771 0.6313953488372093 0
1616002727787 0.6034883720930233 0
1616002727784 0.6104651162790697 0
1616002727800 0.6151162790697674 0
1616002727927 0.6011627906976744 0
1616002727978 0.6058139534883721 0
1616002728071 0.6011627906976744 0
1616002728159 0.6197674418604651 0
1616002728302 0.6232558139534884 0
1616002728394 0.6162790697674418 0
1616002728461 0.6232558139534884 0
1616002728446 0.5930232558139535 0
1616002728516 0.6058139534883721 0
1616002728525 0.6058139534883721 0
1616002728588 0.610917537746806 0
1616002728595 0.6232558139534884 0
1616002728590 0.6116279069767442 0
1616002728595 0.6197674418604651 0
1616002728629 0.5976744186046512 0
1616002728666 0.6186046511627907 0
1616002728654 0.6174418604651163 0
1616002728735 0.6034883720930233 0
1616002728720 0.6139534883720931 0
1616002728787 0.6290697674418605 0
1616002728845 0.6127906976744186 0
1616002728854 0.6232558139534884 0
1616002728909 0.6313953488372093 0
1616002728910 0.6097560975609756 0
1616002728994 0.6127906976744186 0
1616002729007 0.6127906976744186 0
1616002729037 0.6093023255813953 0
1616002729039 0.6034883720930233 0
1616002729150 0.6011627906976744 0
1616002729198 0.608139534883721 0
1616002729215 0.6174418604651163 0
1616002729215 0.5988372093023255 0
1616002729300 0.6197674418604651 0
1616002729335 0.608139534883721 0
1616002729341 0.6104651162790697 0
1616002729386 0.6058139534883721 0
1616002729435 0.6104651162790697 0
1616002729468 0.6046511627906976 0
1616002729503 0.6104651162790697 0
1616002729508 0.6255813953488372 0
1616002729565 0.608139534883721 0
1616002729659 0.5988372093023255 0
1616002729706 0.5976744186046512 0
1616002729725 0.608139534883721 0
1616002729753 0.6139534883720931 0
1616002729776 0.6093023255813953 0
1616002729803 0.6011627906976744 0
1616002729809 0.6104651162790697 0
1616002729828 0.6046511627906976 0
1616002729839 0.6197674418604651 0
1616002729855 0.6104651162790697 0
1616002729939 0.6255813953488372 0
1616002730055 0.5988372093023255 0
1616002730070 0.6139534883720931 0
1616002730268 0.6232558139534884 0
1616002730286 0.6197674418604651 0
1616002730301 0.6151162790697674 0
1616002730305 0.5988372093023255 0
1616002730317 0.6209302325581395 0
1616002730560 0.6023255813953489 0
1616002731297 0.6325581395348837 0
