1616001983481 0.6838886081022987 0
1616001983458 0.7103299237569562 0
1616001984083 0.6847250991437088 0
1616001984547 0.6861025701516 0
1616001985211 0.6939304071155585 0
1616001985667 0.7142981287676412 0
1616001985888 0.7115515763714352 0
1616001986274 0.6971281704130106 0
1616001986434 0.7083470768863122 0
1616001986825 0.7121898024782805 0
1616001986900 0.7112092605849325 0
1616001987032 0.6974146863381229 0
1616001987137 0.6931690551505982 0
1616001987478 0.71058282361609 0
1616001987489 0.6654715457948072 0
1616001987645 0.7193641044601631 0
1616001987877 0.6861427872947192 0
1616001988023 0.7029364803999398 0
1616001988220 0.7062093362026538 0
1616001988531 0.7120342817487366 0
1616001988891 0.7196388971066725 0
1616001988938 0.694826297080897 0
1616001988952 0.7082285942740623 0
1616001989005 0.6938614300288073 0
1616001989024 0.7118296299569058 0
1616001989059 0.7076499022924047 0
1616001989143 0.7066624522883522 0
1616001989256 0.6833431173132735 0
1616001989295 0.6989313091090095 0
1616001989526 0.7072669280622127 0
1616001989549 0.6980319037315176 0
1616001989563 0.6948938700383642 0
1616001989725 0.7202867612070784 0
1616001989751 0.6994674220709081 0
1616001989753 0.7145090136534256 0
1616001989754 0.7086056400149355 0
1616001990031 0.7094887211292599 0
1616001990162 0.680988630219099 0
1616001990177 0.707137073036197 0
1616001990327 0.7210570132728085 0
1616001990366 0.7075791592261093 0
1616001990587 0.7000969277050388 0
1616001990580 0.705933292918333 0
1616001990642 0.6981674269521189 0
1616001990645 0.7036931060511911 0
1616001990668 0.6984903731615183 0
1616001990718 0.6971714583075553 0
1616001990770 0.7050479900250295 0
1616001990785 0.6942783794827468 0
1616001990932 0.7082760126794571 0
1616001990982 0.7143383102046499 0
1616001991049 0.6986827148737916 0
1616001991102 0.6989745353699619 0
1616001991104 0.7016396107158661 0
1616001991179 0.6957877236684501 0
1616001991211 0.698175308703572 0
1616001991197 0.681247201228816 0
1616001991246 0.6907848247970693 0
1616001991273 0.701731449355516 0
1616001991363 0.7037768861991353 0
1616001991410 0.6910531343392465 0
1616001991555 0.6761114530227562 0
1616001991569 0.693344112675537 0
1616001991672 0.7052447076192007 0
1616001991674 0.7140405071226061 0
1616001991717 0.689846595237669 0
1616001991725 0.7071306835282324 0
1616001991732 0.6967654590517924 0
1616001991760 0.6882034877141003 0
1616001991826 0.6984033544818566 0
1616001991844 0.6796375029488742 0
1616001991844 0.7027561761313681 0
1616001991871 0.7109848353223607 0
1616001991893 0.6907781434909521 0
1616001991898 0.7016115544515859 0
1616001991961 0.687549818623833 0
1616001991978 0.6973725830779643 0
1616001992063 0.7061503493955933 0
1616001992098 0.6708106515952239 0
1616001992173 0.7167109896130225 0
1616001992174 0.6883840840004312 0
1616001992245 0.7067489991122244 0
1616001992309 0.7131302489032292 0
1616001992278 0.7221987471638228 0
1616001992517 0.6954896753464009 0
1616001992582 0.6947266308189475 0
1616001992588 0.6983896832837652 0
1616001992611 0.714035305173204 0
1616001992638 0.7246718280426279 0
1616001992840 0.7067719302675383 0
1616001992876 0.6980599303723687 0
1616001992946 0.709152663279721 0
1616001992980 0.7166487956707664 0
1616001992974 0.7003516480409483 0
1616001993000 0.7049968505482345 0
1616001993187 0.6962732102218027 0
1616001993250 0.6852508641385482 0
1616001993664 0.6854776206379719 0
1616001993697 0.7176860716138096 0
1616001994801 0.6776979495082729 0
