1616001983481 0.8703251584840843 0
1616001983458 0.8745758410117315 0
1616001984083 0.8718446684018676 0
1616001984547 0.8676203655978062 0
1616001985211 0.8715722045561046 0
1616001985667 0.8751029569913426 0
1616001985888 0.8821070113701167 0
1616001986274 0.8717521347433536 0
1616001986434 0.8763822769685629 0
1616001986825 0.8749014045759602 0
1616001986900 0.878446173412255 0
1616001987032 0.872594480648067 0
1616001987137 0.8755396104983472 0
1616001987478 0.8746351173285779 0
1616001987489 0.8700434847918229 0
1616001987645 0.8771466651161787 0
1616001987877 0.8740887870236618 0
1616001988023 0.8735451782464864 0
1616001988220 0.8838479117794579 0
1616001988531 0.8781730587149141 0
1616001988891 0.8682304658860837 0
1616001988938 0.8780637327726666 0
1616001988952 0.8774895379997029 0
1616001989005 0.8729279458683297 0
1616001989024 0.8786716743090647 0
1616001989059 0.8769228144957237 0
1616001989143 0.8790496987681053 0
1616001989256 0.8748838744617289 0
1616001989295 0.8695633570313532 0
1616001989526 0.877142945551364 0
1616001989549 0.8737806261647075 0
1616001989563 0.8764337943444299 0
1616001989725 0.8770728449636573 0
1616001989751 0.8766626577741934 0
1616001989753 0.8768419172153418 0
1616001989754 0.8798679676145659 0
1616001990031 0.8717393617698348 0
1616001990162 0.8737419012116701 0
1616001990177 0.874014073873603 0
1616001990327 0.8819561866609238 0
1616001990366 0.8705984499862022 0
1616001990587 0.8758884320078871 0
1616001990580 0.8697124458837222 0
1616001990642 0.8684989065147305 0
1616001990645 0.8767586372492305 0
1616001990668 0.8746978732198568 0
1616001990718 0.8734479764178196 0
1616001990770 0.8753816280517513 0
1616001990785 0.8764241645431111 0
1616001990932 0.8686247501968234 0
1616001990982 0.8811149215651839 0
1616001991049 0.8802461711690609 0
1616001991102 0.8713808119712605 0
1616001991104 0.879350322645947 0
1616001991180 0.8732833250598796 0
1616001991211 0.8675000340761944 0
1616001991197 0.8720802572056015 0
1616001991246 0.8686228553449404 0
1616001991273 0.8743676380851616 0
1616001991363 0.8759583516127964 0
1616001991410 0.8745868336678416 0
1616001991555 0.8706338739300308 0
1616001991569 0.8723885282110048 0
1616001991672 0.8789658874169328 0
1616001991674 0.8795188679640611 0
1616001991717 0.8716837166852728 0
1616001991725 0.868954791997615 0
1616001991732 0.8672133737010018 0
1616001991760 0.8726219611614723 0
1616001991826 0.8746877324070543 0
1616001991844 0.8753802971102483 0
1616001991844 0.868252845189262 0
1616001991871 0.8730086377957053 0
1616001991893 0.876501356426942 0
1616001991898 0.8760017202291559 0
1616001991961 0.8762808030141409 0
1616001991978 0.8734154179960711 0
1616001992063 0.8698002987409446 0
1616001992098 0.870153495862203 0
1616001992173 0.8772754450279195 0
1616001992174 0.8721851998058656 0
1616001992245 0.8777281996682039 0
1616001992309 0.8812031537504174 0
1616001992278 0.8773753907517112 0
1616001992517 0.8705093604161833 0
1616001992588 0.8761333540119777 0
1616001992582 0.8773617779189634 0
1616001992611 0.8741343621260126 0
1616001992638 0.87975343376622 0
1616001992840 0.8800222958267891 0
1616001992876 0.8779524028748057 0
1616001992946 0.8725794695057074 0
1616001992980 0.8764572792826776 0
1616001992974 0.875153985635694 0
1616001993000 0.8725745111025414 0
1616001993187 0.874042742800828 0
1616001993250 0.8711945980767579 0
1616001993664 0.8715747234553235 0
1616001993697 0.886402294407779 0
1616001994801 0.8661635699054754 0
