1616001605551 1.2075454729835648 0
1616001606958 1.207730041620032 0
1616001607483 1.2004628595345677 0
1616001607827 1.1952319568470422 0
1616001607937 1.2031659752607473 0
1616001608538 1.2103965037858073 0
1616001608592 1.21013749153179 0
1616001608890 1.2135717328979236 0
1616001609140 1.206627878330465 0
1616001609436 1.2104891732522254 0
1616001609429 1.202030759500468 0
1616001609775 1.2200889248432898 0
1616001610078 1.2024441782022626 0
1616001610094 1.2076371060444104 0
1616001610143 1.199452744689939 0
1616001610755 1.2144274433900122 0
1616001610894 1.2155472409414532 0
1616001610916 1.2073143535797268 0
1616001610920 1.229712100471987 0
1616001611035 1.2101542381300037 0
1616001612103 1.2055043918298696 0
1616001612303 1.2045484771000285 0
1616001612335 1.2049013123536305 0
1616001612519 1.1961411399195774 0
1616001612665 1.2173043208700434 0
1616001612716 1.1947298599349163 0
1616001612793 1.2069148653144357 0
1616001612810 1.2238602595286978 0
1616001612818 1.2048801981926751 0
1616001612938 1.1971208977019756 0
1616001613137 1.1995797463761417 0
1616001613180 1.203674567628977 0
1616001613211 1.2097389248810282 0
1616001613421 1.2125486929439677 0
1616001613566 1.2087582267717378 0
1616001613542 1.2037186282252241 0
1616001613632 1.2001648733033579 0
1616001613672 1.2010563991955976 0
1616001613851 1.2225031024697683 0
1616001613871 1.2109979007476546 0
1616001613880 1.2097880321755592 0
1616001614027 1.2006712672274784 0
1616001614147 1.2045729831019356 0
1616001614206 1.209673355644352 0
1616001614207 1.1936255126046924 0
1616001614289 1.2075588007631903 0
1616001614371 1.212085124754581 0
1616001614432 1.206901669004622 0
1616001614509 1.2106114480764665 0
1616001614516 1.2055856563072531 0
1616001614534 1.2083327423835895 0
1616001614584 1.2059808639037617 0
1616001614611 1.1994069286746518 0
1616001614649 1.2107127803464908 0
1616001614931 1.1879827398090075 0
1616001615000 1.1984594034264635 0
1616001615169 1.200096759320069 0
1616001615195 1.2117744170183657 0
1616001615199 1.2093043619051584 0
1616001615235 1.2138948258097626 0
1616001615288 1.2145522470802759 0
1616001615352 1.1978428773573506 0
1616001615388 1.2048996603250344 0
1616001615715 1.2110475758751515 0
1616001615886 1.199709948489595 0
1616001615901 1.1972776083058814 0
1616001615901 1.2095014527826686 0
1616001615907 1.2078105475395884 0
1616001615972 1.2030515667089159 0
1616001616084 1.2187125953996392 0
1616001616121 1.1982071582987384 0
1616001616141 1.2039676755954958 0
1616001616149 1.2046603300059047 0
1616001616218 1.193552374243108 0
1616001616243 1.204822536182153 0
1616001616260 1.2022328135649156 0
1616001616267 1.1991608198701416 0
1616001616361 1.2047138808638342 0
1616001616407 1.2121212920631954 0
1616001616415 1.1853898956003386 0
1616001616585 1.2227719531594192 0
1616001616649 1.2012425400513325 0
1616001616752 1.2122119788442913 0
1616001616820 1.1945443380737817 0
1616001616821 1.2023430821501844 0
1616001616969 1.197056727029942 0
1616001616999 1.196669555472853 0
1616001617034 1.2041905685917451 0
1616001617036 1.217431487814178 0
1616001617219 1.1920213094316798 0
1616001617259 1.2101889100122114 0
1616001617378 1.1990681564951793 0
1616001617417 1.2148561155308324 0
1616001617701 1.2095331565350524 0
1616001617700 1.2047311134134011 0
1616001617717 1.1984870741124374 0
1616001618295 1.1993215038772622 0
1616001618515 1.2013501102812474 0
1616001618603 1.2009322242794231 0
1616001618609 1.2131307279692063 0
