1616001940507 1.0 0
1616001940619 1.0 0
1616001940659 1.0 0
1616001940715 1.0 0
1616001940717 1.0 0
1616001940722 1.0 0
1616001940714 1.0 0
1616001940773 1.0 0
1616001940785 1.0 0
1616001940802 1.0 0
1616001940825 1.0 0
1616001940879 1.0 0
1616001940887 1.0 0
1616001940939 1.0 0
1616001940943 1.0 0
1616001940984 1.0 0
1616001940962 1.0 0
1616001940972 1.0 0
1616001941105 1.0 0
1616001941226 1.0 0
1616001941225 1.0 0
1616001941256 1.0 0
1616001941482 1.0 0
1616001941453 1.0 0
1616001941559 1.0 0
1616001941580 1.0 0
1616001941574 1.0 0
1616001941714 1.0 0
1616001941720 1.0 0
1616001941852 1.0 0
1616001941919 1.0 0
1616001941999 1.0 0
1616001942004 1.0 0
1616001942109 1.0 0
1616001942317 1.0 0
1616001942383 1.0 0
1616001942400 1.0 0
1616001942400 1.0 0
1616001942412 1.0 0
1616001942425 1.0 0
1616001942409 1.0 0
1616001942418 1.0 0
1616001942443 1.0 0
1616001942499 1.0 0
1616001942621 1.0 0
1616001942655 1.0 0
1616001942647 1.0 0
1616001942686 1.0 0
1616001942736 1.0 0
1616001942792 1.0 0
1616001942823 1.0 0
1616001942829 1.0 0
1616001942970 1.0 0
1616001943063 1.0 0
1616001943055 1.0 0
1616001943237 1.0 0
1616001943264 1.0 0
1616001943312 1.0 0
1616001943309 1.0 0
1616001943339 1.0 0
1616001943316 1.0 0
1616001943366 1.0 0
1616001943351 1.0 0
1616001943409 1.0 0
1616001943532 1.0 0
1616001943538 1.0 0
1616001943546 1.0 0
1616001943577 1.0 0
1616001943579 1.0 0
1616001943581 1.0 0
1616001943630 1.0 0
1616001943623 1.0 0
1616001943617 1.0 0
1616001943714 1.0 0
1616001943693 1.0 0
1616001943740 1.0 0
1616001943650 1.0 0
1616001943746 1.0 0
1616001943759 1.0 0
1616001943752 1.0 0
1616001943904 1.0 0
1616001943956 1.0 0
1616001943956 1.0 0
1616001944000 1.0 0
1616001943978 1.0 0
1616001943965 1.0 0
1616001944006 1.0 0
1616001944060 1.0 0
1616001944085 1.0 0
1616001944102 1.0 0
1616001944186 1.0 0
1616001944291 1.0 0
1616001944296 1.0 0
1616001944267 1.0 0
1616001944362 1.0 0
1616001944314 1.0 0
1616001944480 1.0 0
1616001944535 1.0 0
1616001944900 1.0 0
1616001944887 1.0 0
