1616001940192 1.0 0
1616001940273 1.0 0
1616001940308 1.0 0
1616001940350 1.0 0
1616001940363 1.0 0
1616001940365 1.0 0
1616001940370 1.0 0
1616001940372 1.0 0
1616001940384 1.0 0
1616001940446 1.0 0
1616001940459 1.0 0
1616001940462 1.0 0
1616001940481 1.0 0
1616001940502 1.0 0
1616001940531 1.0 0
1616001940516 1.0 0
1616001940556 1.0 0
1616001940576 1.0 0
1616001940634 1.0 0
1616001940663 1.0 0
1616001940691 1.0 0
1616001940763 1.0 0
1616001940794 1.0 0
1616001940810 1.0 0
1616001940909 1.0 0
1616001940951 1.0 0
1616001940958 1.0 0
1616001940978 1.0 0
1616001941023 1.0 0
1616001941078 1.0 0
1616001941154 1.0 0
1616001941299 1.0 0
1616001941451 1.0 0
1616001941571 1.0 0
1616001941647 1.0 0
1616001941651 1.0 0
1616001941670 1.0 0
1616001941700 1.0 0
1616001941724 1.0 0
1616001941726 1.0 0
1616001941714 1.0 0
1616001941728 1.0 0
1616001941755 1.0 0
1616001941765 1.0 0
1616001941895 1.0 0
1616001941944 1.0 0
1616001941962 1.0 0
1616001942015 1.0 0
1616001942005 1.0 0
1616001942042 1.0 0
1616001942059 1.0 0
1616001942054 1.0 0
1616001942097 1.0 0
1616001942145 1.0 0
1616001942310 1.0 0
1616001942390 1.0 0
1616001942461 1.0 0
1616001942524 1.0 0
1616001942529 1.0 0
1616001942632 1.0 0
1616001942642 1.0 0
1616001942644 1.0 0
1616001942644 1.0 0
1616001942652 1.0 0
1616001942645 1.0 0
1616001942722 1.0 0
1616001942743 1.0 0
1616001942875 1.0 0
1616001942905 1.0 0
1616001942928 1.0 0
1616001942960 1.0 0
1616001942982 1.0 0
1616001942978 1.0 0
1616001943022 1.0 0
1616001943035 1.0 0
1616001943036 1.0 0
1616001943049 1.0 0
1616001943088 1.0 0
1616001943165 1.0 0
1616001943173 1.0 0
1616001943185 1.0 0
1616001943227 1.0 0
1616001943228 1.0 0
1616001943237 1.0 0
1616001943270 1.0 0
1616001943316 1.0 0
1616001943309 1.0 0
1616001943367 1.0 0
1616001943433 1.0 0
1616001943442 1.0 0
1616001943462 1.0 0
1616001943484 1.0 0
1616001943616 1.0 0
1616001943704 1.0 0
1616001943729 1.0 0
1616001943776 1.0 0
1616001943876 1.0 0
1616001943925 1.0 0
1616001943969 1.0 0
1616001944146 1.0 0
