1616454195918 0.6837209302325581 0
1616454195921 0.6872093023255814 0
1616454195936 0.6813953488372093 0
1616454195944 0.686046511627907 0
1616454195953 0.6883720930232559 0
1616454195989 0.6848837209302325 0
1616454195997 0.686046511627907 0
1616454196003 0.6930232558139535 0
1616454195991 0.6883720930232559 0
1616454196025 0.6848837209302325 0
1616454196028 0.6872093023255814 0
1616454196045 0.6790697674418604 0
1616454196048 0.6813953488372093 0
1616454196038 0.6872093023255814 0
1616454196085 0.6848837209302325 0
1616454196116 0.6872093023255814 0
1616454196122 0.6883720930232559 0
1616454196143 0.6813953488372093 0
1616454196168 0.6895348837209302 0
1616454196171 0.6848837209302325 0
1616454196176 0.6848837209302325 0
1616454196193 0.6825581395348838 0
1616454196207 0.6918604651162791 0
1616454196215 0.6883720930232559 0
1616454196224 0.6813953488372093 0
1616454196247 0.6872093023255814 0
1616454196253 0.6906976744186046 0
1616454196320 0.6779069767441861 0
1616454196331 0.6883720930232559 0
1616454196385 0.6825581395348838 0
1616454196469 0.6941860465116279 0
1616454196551 0.6848837209302325 0
1616454196557 0.6895348837209302 0
1616454196590 0.6825581395348838 0
1616454196610 0.6837209302325581 0
1616454196625 0.6895348837209302 0
1616454196637 0.6883720930232559 0
1616454196650 0.6837209302325581 0
1616454196643 0.6895348837209302 0
1616454196666 0.6906976744186046 0
1616454196696 0.6813953488372093 0
1616454196697 0.6848837209302325 0
1616454196704 0.6872093023255814 0
1616454196777 0.6825581395348838 0
1616454196825 0.686046511627907 0
1616454196887 0.6825581395348838 0
1616454196906 0.6802325581395349 0
1616454196942 0.6872093023255814 0
1616454196973 0.6813953488372093 0
1616454196970 0.6883720930232559 0
1616454197032 0.6883720930232559 0
1616454197062 0.6872093023255814 0
1616454197076 0.6837209302325581 0
1616454197099 0.686046511627907 0
1616454197115 0.6825581395348838 0
1616454197181 0.6872093023255814 0
1616454197196 0.6825581395348838 0
1616454197303 0.6848837209302325 0
1616454197341 0.6883720930232559 0
1616454197356 0.6906976744186046 0
1616454197414 0.6848837209302325 0
1616454197582 0.6848837209302325 0
1616454197584 0.6918604651162791 0
1616454197669 0.6895348837209302 0
1616454197871 0.6802325581395349 0
1616454197884 0.686411149825784 0
1616454197892 0.686411149825784 0
1616454197887 0.6837209302325581 0
1616454197929 0.6883720930232559 0
1616454197980 0.6875725900116144 0
1616454197996 0.6840882694541232 0
1616454198003 0.686411149825784 0
1616454197988 0.6829268292682927 0
1616454198015 0.6875725900116144 0
1616454198092 0.6875725900116144 0
1616454198113 0.6852497096399536 0
1616454198116 0.6875725900116144 0
1616454198183 0.6898954703832753 0
1616454198211 0.686411149825784 0
1616454198216 0.6898954703832753 0
1616454198347 0.6883720930232559 0
1616454198371 0.686411149825784 0
1616454198369 0.6898954703832753 0
1616454198441 0.6852497096399536 0
1616454198479 0.6898954703832753 0
1616454198469 0.6887340301974448 0
1616454198491 0.6817653890824622 0
1616454198502 0.6922183507549361 0
1616454198482 0.6813953488372093 0
1616454198525 0.6910569105691057 0
1616454198600 0.6875725900116144 0
1616454198617 0.6817653890824622 0
1616454198624 0.6817653890824622 0
1616454198728 0.6852497096399536 0
1616454198779 0.6910569105691057 0
1616454198781 0.6898954703832753 0
1616454199006 0.6887340301974448 0
1616454199043 0.6875725900116144 0
1616454199091 0.686411149825784 0
1616454199113 0.6898954703832753 0
