1616454195918 0.6719483969970587 0
1616454195921 0.676748153528815 0
1616454195936 0.6694380218782656 0
1616454195944 0.6743235531383464 0
1616454195953 0.6778174298424222 0
1616454195989 0.6732542442645311 0
1616454195997 0.6752685457432469 0
1616454196003 0.6830530966419727 0
1616454195991 0.6770070324427834 0
1616454196025 0.6735584446733441 0
1616454196028 0.6769784351713198 0
1616454196045 0.6680683884622897 0
1616454196048 0.6692102599053581 0
1616454196038 0.6763188074791975 0
1616454196085 0.6729807732117604 0
1616454196116 0.6758128064640961 0
1616454196122 0.6782481206646824 0
1616454196143 0.6725345324809869 0
1616454196168 0.6794042491955252 0
1616454196171 0.6726075597886123 0
1616454196176 0.6735193761176852 0
1616454196193 0.6707351469532183 0
1616454196207 0.6818763429354282 0
1616454196215 0.6782829680330393 0
1616454196224 0.6732454219789643 0
1616454196247 0.6760212432216757 0
1616454196253 0.6801073295223466 0
1616454196320 0.6648145686488122 0
1616454196331 0.6767344873001043 0
1616454196385 0.6706396942003175 0
1616454196469 0.683498166811876 0
1616454196551 0.6735251453102099 0
1616454196557 0.6789882218033951 0
1616454196590 0.6699547168886347 0
1616454196610 0.6719873271281622 0
1616454196625 0.6783310915727823 0
1616454196637 0.6773697987026319 0
1616454196650 0.6765731781946607 0
1616454196643 0.6786042734079165 0
1616454196666 0.6805330713212919 0
1616454196696 0.6678503483932686 0
1616454196697 0.6736237497679798 0
1616454196704 0.6762442605676914 0
1616454196777 0.6715506250720437 0
1616454196825 0.675509648173474 0
1616454196887 0.6697670147407556 0
1616454196906 0.6678519462114757 0
1616454196942 0.6769872424911895 0
1616454196973 0.6707447421708977 0
1616454196970 0.6777587984047502 0
1616454197032 0.6769206760919918 0
1616454197062 0.6766483708064663 0
1616454197076 0.6724137043825584 0
1616454197099 0.6759517568374432 0
1616454197115 0.6721914541088009 0
1616454197181 0.6766009966300444 0
1616454197196 0.6707735635955908 0
1616454197303 0.6728700837589412 0
1616454197341 0.6768482130013775 0
1616454197356 0.6800049272324622 0
1616454197414 0.6731521246131457 0
1616454197582 0.6728209326573288 0
1616454197584 0.6819160817548666 0
1616454197669 0.6792883625824864 0
1616454197871 0.6691431494340521 0
1616454197884 0.6751443396962706 0
1616454197892 0.6764805607973469 0
1616454197887 0.6721868606728494 0
1616454197929 0.6779598291010207 0
1616454197980 0.6756367972103309 0
1616454197996 0.6717090363885863 0
1616454198003 0.6762785946275491 0
1616454197988 0.6722424531498822 0
1616454198015 0.6767645249753766 0
1616454198092 0.6759196785318746 0
1616454198113 0.677777410719547 0
1616454198116 0.6771734955394985 0
1616454198183 0.6800285364275052 0
1616454198211 0.6748674404713557 0
1616454198216 0.6797880257431826 0
1616454198347 0.6784448569774751 0
1616454198371 0.6762142587340558 0
1616454198369 0.6800826812583326 0
1616454198441 0.6746310060481373 0
1616454198479 0.6795047607602851 0
1616454198469 0.6784728763718584 0
1616454198491 0.6698718772313238 0
1616454198502 0.682377835553355 0
1616454198482 0.6687560531637471 0
1616454198525 0.6802563967000868 0
1616454198600 0.6769012460381999 0
1616454198617 0.6692340852674553 0
1616454198624 0.6700201524210785 0
1616454198728 0.6734658396752163 0
1616454198779 0.6804444179004204 0
1616454198781 0.6789486683138748 0
1616454199006 0.6787567354810843 0
1616454199043 0.6767450417953024 0
1616454199091 0.6754011865358631 0
1616454199113 0.6788522784820531 0
