1616454195722 0.6837209302325581 0
1616454195727 0.6813953488372093 0
1616454195737 0.6872093023255814 0
1616454195749 0.686046511627907 0
1616454195768 0.6883720930232559 0
1616454195771 0.6872093023255814 0
1616454195771 0.6848837209302325 0
1616454195778 0.6848837209302325 0
1616454195788 0.6883720930232559 0
1616454195805 0.6813953488372093 0
1616454195806 0.6872093023255814 0
1616454195812 0.6790697674418604 0
1616454195813 0.686046511627907 0
1616454195813 0.6883720930232559 0
1616454195819 0.6930232558139535 0
1616454195862 0.6813953488372093 0
1616454195867 0.6848837209302325 0
1616454195867 0.6872093023255814 0
1616454195874 0.6848837209302325 0
1616454195907 0.6918604651162791 0
1616454195911 0.6883720930232559 0
1616454195920 0.6813953488372093 0
1616454195936 0.6906976744186046 0
1616454195947 0.6895348837209302 0
1616454195962 0.6825581395348838 0
1616454195971 0.6848837209302325 0
1616454195965 0.6883720930232559 0
1616454195970 0.6872093023255814 0
1616454195985 0.6779069767441861 0
1616454196036 0.6941860465116279 0
1616454196054 0.6825581395348838 0
1616454196153 0.6848837209302325 0
1616454196234 0.6895348837209302 0
1616454196243 0.6837209302325581 0
1616454196246 0.6837209302325581 0
1616454196262 0.6895348837209302 0
1616454196269 0.6895348837209302 0
1616454196272 0.6883720930232559 0
1616454196273 0.6872093023255814 0
1616454196290 0.6906976744186046 0
1616454196292 0.6825581395348838 0
1616454196310 0.6848837209302325 0
1616454196318 0.6872093023255814 0
1616454196346 0.6813953488372093 0
1616454196420 0.6825581395348838 0
1616454196477 0.686046511627907 0
1616454196520 0.6825581395348838 0
1616454196523 0.6813953488372093 0
1616454196523 0.6883720930232559 0
1616454196516 0.6883720930232559 0
1616454196589 0.686046511627907 0
1616454196595 0.6872093023255814 0
1616454196636 0.6825581395348838 0
1616454196647 0.6802325581395349 0
1616454196643 0.6872093023255814 0
1616454196688 0.6837209302325581 0
1616454196714 0.6825581395348838 0
1616454196830 0.6848837209302325 0
1616454196891 0.6906976744186046 0
1616454196898 0.6883720930232559 0
1616454196910 0.6918604651162791 0
1616454196904 0.6848837209302325 0
1616454196980 0.6848837209302325 0
1616454197107 0.6895348837209302 0
1616454197286 0.6802325581395349 0
1616454197346 0.686411149825784 0
1616454197332 0.686411149825784 0
1616454197351 0.6837209302325581 0
1616454197391 0.6883720930232559 0
1616454197426 0.6875725900116144 0
1616454197428 0.6840882694541232 0
1616454197440 0.6875725900116144 0
1616454197452 0.6829268292682927 0
1616454197483 0.686411149825784 0
1616454197536 0.6875725900116144 0
1616454197528 0.686411149825784 0
1616454197564 0.6898954703832753 0
1616454197568 0.6875725900116144 0
1616454197597 0.6852497096399536 0
1616454197682 0.6898954703832753 0
1616454197694 0.6883720930232559 0
1616454197738 0.6887340301974448 0
1616454197761 0.6898954703832753 0
1616454197769 0.6813953488372093 0
1616454197787 0.686411149825784 0
1616454197867 0.6817653890824622 0
1616454197868 0.6898954703832753 0
1616454197853 0.6922183507549361 0
1616454197904 0.6852497096399536 0
1616454197978 0.6875725900116144 0
1616454198004 0.6910569105691057 0
1616454198070 0.6817653890824622 0
1616454198099 0.6817653890824622 0
1616454198182 0.6852497096399536 0
1616454198234 0.6898954703832753 0
1616454198297 0.6910569105691057 0
1616454198423 0.6898954703832753 0
1616454198440 0.6887340301974448 0
1616454198470 0.686411149825784 0
1616454198515 0.6875725900116144 0
