1616454195918 0.7249759157789686 0
1616454195921 0.7268867892252393 0
1616454195936 0.7198507233662048 0
1616454195944 0.7257998232917104 0
1616454195953 0.7281659195978134 0
1616454195989 0.7245262688364421 0
1616454195997 0.7235668245613419 0
1616454196003 0.7310152960390424 0
1616454195991 0.7286001110591364 0
1616454196025 0.724702996845614 0
1616454196028 0.7294029657542223 0
1616454196045 0.720794430216316 0
1616454196048 0.7233301468614917 0
1616454196038 0.7289092453170066 0
1616454196085 0.7231680088843094 0
1616454196116 0.7274966586356753 0
1616454196122 0.7270894722460023 0
1616454196143 0.7141267644994499 0
1616454196168 0.7304544168535594 0
1616454196171 0.7274502461211206 0
1616454196176 0.7247439257310803 0
1616454196193 0.7201765496508632 0
1616454196207 0.7319869703505408 0
1616454196215 0.72702941178975 0
1616454196224 0.7174797441253079 0
1616454196246 0.725282585192939 0
1616454196253 0.7330857652548248 0
1616454196320 0.7174929153533803 0
1616454196331 0.7303342843810745 0
1616454196385 0.7260897872966986 0
1616454196469 0.7348224635270135 0
1616454196550 0.727952114220924 0
1616454196557 0.7275301352741667 0
1616454196590 0.7246400123949729 0
1616454196610 0.7236671441645319 0
1616454196625 0.729035636520214 0
1616454196637 0.7252789021970807 0
1616454196643 0.7300674345144553 0
1616454196650 0.7158232870739164 0
1616454196666 0.7297632765355822 0
1616454196696 0.7206691322616209 0
1616454196697 0.7237422391321044 0
1616454196704 0.7255990375270196 0
1616454196777 0.723599872463882 0
1616454196825 0.729666923973042 0
1616454196887 0.7234616294731738 0
1616454196906 0.7182525975594862 0
1616454196942 0.7264657320344478 0
1616454196973 0.7213985543344669 0
1616454196970 0.7262435956150481 0
1616454197032 0.7302703874891686 0
1616454197062 0.7266398264702091 0
1616454197076 0.7240128075379146 0
1616454197099 0.7214380204492011 0
1616454197115 0.7188164940951346 0
1616454197181 0.728196637090074 0
1616454197196 0.7223110079923729 0
1616454197303 0.7263353363188326 0
1616454197341 0.7267577710051283 0
1616454197356 0.728731902577513 0
1616454197414 0.7251471108880349 0
1616454197582 0.7266159023790505 0
1616454197584 0.7327655161150484 0
1616454197669 0.7288021872171044 0
1616454197871 0.7175361870364356 0
1616454197884 0.7259127543754481 0
1616454197887 0.725480059150766 0
1616454197892 0.7250387874686739 0
1616454197929 0.7265723734256653 0
1616454197980 0.7271203834909673 0
1616454197996 0.7261603677023637 0
1616454198003 0.725997116327245 0
1616454197988 0.7196370220520748 0
1616454198015 0.7266179403229345 0
1616454198092 0.7285555202631742 0
1616454198113 0.7218251504838764 0
1616454198116 0.7269548913590724 0
1616454198183 0.7286638202732769 0
1616454198211 0.7261054560287248 0
1616454198216 0.72807904284641 0
1616454198347 0.7283563290477926 0
1616454198371 0.7241195212688198 0
1616454198369 0.7269038978969621 0
1616454198441 0.7256913289596216 0
1616454198479 0.7292229836123064 0
1616454198469 0.7264397468392413 0
1616454198491 0.724543675577127 0
1616454198502 0.7367042506336734 0
1616454198482 0.7240065460132012 0
1616454198525 0.7292812982013737 0
1616454198600 0.7292089028810056 0
1616454198617 0.7230969881308872 0
1616454198624 0.7220715026504321 0
1616454198728 0.724568568948598 0
1616454198779 0.7275988569988792 0
1616454198781 0.7296043133404823 0
1616454199006 0.727163311821686 0
1616454199043 0.7262687744362383 0
1616454199091 0.7268483320719094 0
1616454199113 0.7295426396482315 0
