1616450379581 0.5883720930232558 0
1616450379598 0.577906976744186 0
1616450379608 0.5790697674418605 0
1616450379631 0.5813953488372093 0
1616450379635 0.5802325581395349 0
1616450379674 0.5813953488372093 0
1616450379707 0.5813953488372093 0
1616450379735 0.5813953488372093 0
1616450379764 0.5767441860465117 0
1616450379794 0.5790697674418605 0
1616450379781 0.5744186046511628 0
1616450379846 0.5755813953488372 0
1616450379909 0.577906976744186 0
1616450379902 0.586046511627907 0
1616450379925 0.5744186046511628 0
1616450379970 0.5813953488372093 0
1616450380042 0.577906976744186 0
1616450380075 0.5732558139534883 0
1616450380117 0.5790697674418605 0
1616450380127 0.5802325581395349 0
1616450380176 0.5767441860465117 0
1616450380252 0.5790697674418605 0
1616450380309 0.5744186046511628 0
1616450380313 0.5767441860465117 0
1616450380328 0.5732558139534883 0
1616450380386 0.5767441860465117 0
1616450380437 0.5837209302325581 0
1616450380487 0.5755813953488372 0
1616450380510 0.5709302325581396 0
1616450380542 0.5802325581395349 0
1616450380615 0.5697674418604651 0
1616450380631 0.5755813953488372 0
1616450380726 0.5755813953488372 0
1616450380739 0.5744186046511628 0
1616450380819 0.5755813953488372 0
1616450380850 0.5790697674418605 0
1616450380886 0.5767441860465117 0
1616450381152 0.5813953488372093 0
1616450381161 0.5813953488372093 0
1616450381164 0.5802325581395349 0
1616450381204 0.5755813953488372 0
1616450381249 0.5825581395348837 0
1616450381262 0.5848837209302326 0
1616450381271 0.5813953488372093 0
1616450381283 0.5790697674418605 0
1616450381299 0.5790697674418605 0
1616450381406 0.5732558139534883 0
1616450381401 0.5825581395348837 0
1616450381477 0.577906976744186 0
1616450381547 0.5790697674418605 0
1616450381546 0.5767441860465117 0
1616450381582 0.5802325581395349 0
1616450381622 0.5755813953488372 0
1616450381662 0.5767441860465117 0
1616450381683 0.5802325581395349 0
1616450381749 0.5767441860465117 0
1616450381807 0.5790697674418605 0
1616450381860 0.5790697674418605 0
1616450381870 0.5837209302325581 0
1616450381894 0.5767441860465117 0
1616450381934 0.5744186046511628 0
1616450382065 0.5686046511627907 0
1616450382083 0.5813953488372093 0
1616450382186 0.577906976744186 0
1616450382239 0.5790697674418605 0
1616450382371 0.5895348837209302 0
1616450382499 0.578397212543554 0
1616450382490 0.5725900116144018 0
1616450382566 0.578397212543554 0
1616450382547 0.5830429732868757 0
1616450382673 0.5772357723577236 0
1616450382766 0.578397212543554 0
1616450382776 0.5725900116144018 0
1616450382803 0.578397212543554 0
1616450382871 0.5795586527293844 0
1616450382957 0.5795586527293844 0
1616450383005 0.5853658536585366 0
1616450383038 0.5737514518002322 0
1616450383031 0.5749128919860628 0
1616450383143 0.5818815331010453 0
1616450383162 0.5825581395348837 0
1616450383156 0.5691056910569106 0
1616450383248 0.5818815331010453 0
1616450383275 0.5772357723577236 0
1616450383265 0.5795586527293844 0
1616450383342 0.5725900116144018 0
1616450383396 0.5760743321718932 0
1616450383465 0.578397212543554 0
1616450383500 0.5795586527293844 0
1616450383569 0.5760743321718932 0
1616450383614 0.578397212543554 0
1616450383704 0.5807200929152149 0
1616450383693 0.578397212543554 0
1616450383813 0.5795586527293844 0
1616450383835 0.5760743321718932 0
1616450383923 0.5772357723577236 0
1616450385864 0.5744186046511628 0
1616450386095 0.5842044134727061 0
1616450386102 0.5825581395348837 0
1616450386542 0.5795586527293844 0
