1616450379815 0.907275932321667 0
1616450379861 0.9126479431367435 0
1616450379881 0.9108193355254134 0
1616450379892 0.9122438436117277 0
1616450379905 0.9133954913059819 0
1616450379907 0.9109252812974514 0
1616450379946 0.907607807151232 0
1616450379960 0.9111646681725664 0
1616450380015 0.9116604321424192 0
1616450380041 0.9138467058486355 0
1616450380029 0.9090539262421403 0
1616450380082 0.9104190174510925 0
1616450380098 0.9114777698898867 0
1616450380102 0.9120009472359865 0
1616450380133 0.9054337255368567 0
1616450380120 0.9119059109400101 0
1616450380227 0.9127077696998736 0
1616450380305 0.9119897589311209 0
1616450380309 0.9111887559575755 0
1616450380353 0.9151783738901856 0
1616450380335 0.9156529631219756 0
1616450380486 0.9068489005248166 0
1616450380530 0.9162849729019139 0
1616450380545 0.9126449494231573 0
1616450380554 0.9119180086294276 0
1616450380603 0.9126219562429226 0
1616450380608 0.90763409362077 0
1616450380677 0.907763122917595 0
1616450380695 0.9127584356875141 0
1616450380723 0.9098271289003012 0
1616450380814 0.9136008501426897 0
1616450380888 0.9139935757462632 0
1616450380917 0.9084144522578949 0
1616450380969 0.9141545378509839 0
1616450380995 0.9135824234556859 0
1616450380996 0.9142151354883923 0
1616450381000 0.91115069730994 0
1616450381368 0.9088457192792307 0
1616450381384 0.9084125053611622 0
1616450381396 0.91362006402887 0
1616450381415 0.9136708929171682 0
1616450381413 0.9140444669517813 0
1616450381426 0.9080536860866412 0
1616450381450 0.9093366647944227 0
1616450381461 0.9133538878591806 0
1616450381507 0.9120420079184755 0
1616450381579 0.9129583492590988 0
1616450381598 0.9123059877964856 0
1616450381676 0.9114818893698053 0
1616450381757 0.9160243501416222 0
1616450381786 0.910918741607165 0
1616450381793 0.9106686246667788 0
1616450381808 0.9117281054168942 0
1616450381863 0.9147931164030844 0
1616450381857 0.9050349910282669 0
1616450381970 0.9143761109772307 0
1616450382010 0.9130471781020977 0
1616450382078 0.9114218611515041 0
1616450382086 0.9026182392311705 0
1616450382098 0.9102911338955347 0
1616450382139 0.9114910442796873 0
1616450382244 0.911387665295693 0
1616450382265 0.9122652542010776 0
1616450382362 0.9141628628355087 0
1616450382381 0.913340480234313 0
1616450382533 0.9109134604804998 0
1616450382705 0.911515426839037 0
1616450382721 0.9137757446677797 0
1616450382731 0.9124673673493189 0
1616450382760 0.9084339671864188 0
1616450382854 0.9129791310792488 0
1616450382992 0.9133221859718563 0
1616450383028 0.913287607922741 0
1616450383094 0.9108892791221302 0
1616450383154 0.9113862948385671 0
1616450383259 0.9128725458877294 0
1616450383297 0.9109901152389834 0
1616450383341 0.9127534901046961 0
1616450383413 0.9119497730719064 0
1616450383404 0.911831778116693 0
1616450383410 0.9071909895492973 0
1616450383427 0.9081354885690595 0
1616450383527 0.911132996099532 0
1616450383551 0.9090784420821396 0
1616450383580 0.9113265425395846 0
1616450383588 0.915977628659418 0
1616450383750 0.914831319315326 0
1616450383767 0.9065496260553643 0
1616450383776 0.9100679836285038 0
1616450383799 0.9130026771703871 0
1616450383826 0.9131996151304705 0
1616450383966 0.9102829498443153 0
1616450383967 0.9105784117487215 0
1616450384051 0.9135954106508236 0
1616450384081 0.9127695462003164 0
1616450384148 0.9133719802349604 0
1616450385962 0.9137449342202623 0
1616450386151 0.9103557468679844 0
1616450386157 0.9064905928142096 0
1616450386597 0.9143112171770951 0
