1616450379815 0.5720491045627043 0
1616450379861 0.5623798162315744 0
1616450379881 0.5632670093175192 0
1616450379892 0.5636500425814709 0
1616450379905 0.5643572012296318 0
1616450379907 0.5656914491977053 0
1616450379946 0.566736185328668 0
1616450379960 0.558684407687212 0
1616450380015 0.5624515718091286 0
1616450380041 0.5602258329603542 0
1616450380029 0.565820742312953 0
1616450380082 0.5581139605663591 0
1616450380097 0.5629442748757472 0
1616450380102 0.5594214130543702 0
1616450380133 0.5646116764406335 0
1616450380120 0.5707953974744716 0
1616450380227 0.5621946315095468 0
1616450380305 0.5610239285485967 0
1616450380309 0.5642594231855943 0
1616450380353 0.5630273150046577 0
1616450380335 0.5575471760142529 0
1616450380486 0.5638629307402547 0
1616450380530 0.5571477180665132 0
1616450380545 0.5582268017088986 0
1616450380554 0.5613584309480759 0
1616450380603 0.5605733359936567 0
1616450380608 0.5674862745366644 0
1616450380677 0.5581260197800753 0
1616450380695 0.5636075742593588 0
1616450380723 0.5548219802126274 0
1616450380814 0.5596362667286364 0
1616450380888 0.5535825402162857 0
1616450380917 0.5577112525654887 0
1616450380969 0.5597147511437799 0
1616450380995 0.5605469190878458 0
1616450380996 0.5599088142435966 0
1616450381000 0.5613789256530507 0
1616450381368 0.5653488169568982 0
1616450381384 0.5657402262447576 0
1616450381396 0.5643691125749074 0
1616450381415 0.5586762017462107 0
1616450381413 0.5665831924892515 0
1616450381426 0.567197130991323 0
1616450381450 0.5654425640993311 0
1616450381461 0.5628966473720168 0
1616450381507 0.5633051464252234 0
1616450381579 0.5575066816112524 0
1616450381598 0.5663035267642355 0
1616450381676 0.5613041439555382 0
1616450381757 0.5630573601472252 0
1616450381786 0.5603490981572216 0
1616450381793 0.5641927345292016 0
1616450381808 0.5607476962941815 0
1616450381863 0.5603962512130447 0
1616450381857 0.5645330914961236 0
1616450381970 0.5603711639104041 0
1616450382010 0.5631210755090903 0
1616450382078 0.5630714864231027 0
1616450382086 0.5691038854859763 0
1616450382098 0.560832291594502 0
1616450382139 0.5572680421324522 0
1616450382244 0.565186400039891 0
1616450382265 0.5523378233365683 0
1616450382362 0.5606024398089374 0
1616450382381 0.5631676375665746 0
1616450382533 0.572130150892947 0
1616450382705 0.5667875639831824 0
1616450382721 0.5628953501934546 0
1616450382731 0.5567852672979237 0
1616450382760 0.5621581127793738 0
1616450382854 0.5610347474921726 0
1616450382992 0.5619492837542108 0
1616450383028 0.562268052910035 0
1616450383094 0.5640611640116828 0
1616450383154 0.557363870022151 0
1616450383259 0.5639274527860217 0
1616450383297 0.56963285351076 0
1616450383341 0.5577307751815337 0
1616450383413 0.5535906014433218 0
1616450383404 0.5590396342374035 0
1616450383410 0.5659541446367511 0
1616450383427 0.565911365308187 0
1616450383527 0.5661669521630195 0
1616450383551 0.563530235528038 0
1616450383580 0.5607574379177028 0
1616450383588 0.5559872574859812 0
1616450383750 0.5592222657937438 0
1616450383767 0.5594817904328954 0
1616450383776 0.5621494815342317 0
1616450383799 0.5617802348133474 0
1616450383826 0.5631657005764885 0
1616450383966 0.5648522667939354 0
1616450383967 0.5616195582486759 0
1616450384051 0.5598743145389917 0
1616450384081 0.5622469995336603 0
1616450384148 0.5615335798676987 0
1616450385962 0.5576156901404297 0
1616450386151 0.5679831571217622 0
1616450386157 0.56651855312344 0
1616450386597 0.5631727271858002 0
