1616450379815 0.5883720930232558 0
1616450379861 0.577906976744186 0
1616450379881 0.5790697674418605 0
1616450379892 0.5802325581395349 0
1616450379905 0.5813953488372093 0
1616450379907 0.5813953488372093 0
1616450379946 0.5813953488372093 0
1616450379960 0.5744186046511628 0
1616450380015 0.5790697674418605 0
1616450380041 0.5767441860465117 0
1616450380029 0.5813953488372093 0
1616450380082 0.5744186046511628 0
1616450380098 0.577906976744186 0
1616450380102 0.5755813953488372 0
1616450380133 0.5813953488372093 0
1616450380120 0.586046511627907 0
1616450380227 0.577906976744186 0
1616450380305 0.5767441860465117 0
1616450380309 0.5802325581395349 0
1616450380353 0.5790697674418605 0
1616450380335 0.5732558139534883 0
1616450380486 0.5790697674418605 0
1616450380530 0.5732558139534883 0
1616450380545 0.5744186046511628 0
1616450380554 0.5767441860465117 0
1616450380603 0.5767441860465117 0
1616450380608 0.5837209302325581 0
1616450380677 0.5755813953488372 0
1616450380695 0.5802325581395349 0
1616450380723 0.5709302325581396 0
1616450380814 0.5755813953488372 0
1616450380888 0.5697674418604651 0
1616450380917 0.5744186046511628 0
1616450380969 0.5755813953488372 0
1616450380995 0.5755813953488372 0
1616450380996 0.5767441860465117 0
1616450381000 0.5790697674418605 0
1616450381368 0.5813953488372093 0
1616450381384 0.5813953488372093 0
1616450381396 0.5802325581395349 0
1616450381415 0.5755813953488372 0
1616450381413 0.5825581395348837 0
1616450381426 0.5848837209302326 0
1616450381450 0.5813953488372093 0
1616450381461 0.5790697674418605 0
1616450381507 0.5790697674418605 0
1616450381579 0.5732558139534883 0
1616450381598 0.5825581395348837 0
1616450381676 0.577906976744186 0
1616450381757 0.5790697674418605 0
1616450381786 0.5767441860465117 0
1616450381793 0.5802325581395349 0
1616450381808 0.5755813953488372 0
1616450381863 0.5767441860465117 0
1616450381857 0.5802325581395349 0
1616450381970 0.5767441860465117 0
1616450382010 0.5790697674418605 0
1616450382078 0.5790697674418605 0
1616450382086 0.5837209302325581 0
1616450382098 0.5767441860465117 0
1616450382139 0.5744186046511628 0
1616450382244 0.5813953488372093 0
1616450382265 0.5686046511627907 0
1616450382362 0.577906976744186 0
1616450382381 0.5790697674418605 0
1616450382533 0.5895348837209302 0
1616450382705 0.5830429732868757 0
1616450382721 0.578397212543554 0
1616450382731 0.5725900116144018 0
1616450382760 0.578397212543554 0
1616450382854 0.5772357723577236 0
1616450382992 0.578397212543554 0
1616450383028 0.578397212543554 0
1616450383094 0.5795586527293844 0
1616450383154 0.5725900116144018 0
1616450383259 0.5795586527293844 0
1616450383297 0.5853658536585366 0
1616450383341 0.5737514518002322 0
1616450383413 0.5691056910569106 0
1616450383404 0.5749128919860628 0
1616450383410 0.5825581395348837 0
1616450383427 0.5818815331010453 0
1616450383527 0.5818815331010453 0
1616450383551 0.5795586527293844 0
1616450383580 0.5772357723577236 0
1616450383588 0.5725900116144018 0
1616450383750 0.5760743321718932 0
1616450383767 0.5760743321718932 0
1616450383776 0.578397212543554 0
1616450383799 0.578397212543554 0
1616450383826 0.5795586527293844 0
1616450383966 0.5807200929152149 0
1616450383967 0.578397212543554 0
1616450384051 0.5760743321718932 0
1616450384081 0.5795586527293844 0
1616450384148 0.5772357723577236 0
1616450385962 0.5744186046511628 0
1616450386151 0.5842044134727061 0
1616450386157 0.5825581395348837 0
1616450386597 0.5795586527293844 0
