1616450379815 0.5944463571717157 0
1616450379861 0.579249578975792 0
1616450379881 0.5786216964255577 0
1616450379892 0.5812805183083514 0
1616450379905 0.5915877532807081 0
1616450379907 0.5805863589336102 0
1616450379946 0.5808921984050763 0
1616450379960 0.573355359188947 0
1616450380015 0.5796200471040587 0
1616450380041 0.5781091320729824 0
1616450380029 0.5838598453744015 0
1616450380082 0.5751143442033766 0
1616450380097 0.5783414021229056 0
1616450380102 0.5745876045217395 0
1616450380133 0.5814393987025172 0
1616450380120 0.5912415697801964 0
1616450380227 0.5800684212194791 0
1616450380305 0.57889437742986 0
1616450380309 0.5812432866021462 0
1616450380353 0.5801016841394319 0
1616450380335 0.5733849130416342 0
1616450380486 0.5777209372415437 0
1616450380530 0.5730588661487345 0
1616450380545 0.5748967808454577 0
1616450380554 0.5771870971319905 0
1616450380603 0.5756824678939977 0
1616450380608 0.5822303045552063 0
1616450380677 0.573715464128348 0
1616450380695 0.5800737625411684 0
1616450380723 0.5703308834577272 0
1616450380814 0.5755344125039084 0
1616450380888 0.5677323538498776 0
1616450380917 0.5735154097149394 0
1616450380969 0.5759760222243347 0
1616450380995 0.5756727119283364 0
1616450380996 0.5778648077580613 0
1616450381000 0.5810877244627614 0
1616450381368 0.5802741441672344 0
1616450381384 0.5831576024321117 0
1616450381396 0.5815010827427806 0
1616450381415 0.5758601066691948 0
1616450381413 0.5847917633536561 0
1616450381426 0.5912102077151244 0
1616450381450 0.582745354448376 0
1616450381461 0.5800558019595701 0
1616450381507 0.5829240631300648 0
1616450381579 0.5728227406641644 0
1616450381598 0.5832032451432696 0
1616450381676 0.5765765503090162 0
1616450381757 0.5804472803315832 0
1616450381786 0.5772331644851822 0
1616450381793 0.578904340893061 0
1616450381808 0.5771047650451897 0
1616450381857 0.5798969011304355 0
1616450381863 0.5784007720291386 0
1616450381970 0.5776723829259045 0
1616450382010 0.5799003228660871 0
1616450382078 0.579726417498802 0
1616450382086 0.5848633674607265 0
1616450382098 0.5750042449965591 0
1616450382117 0.5718915833395152 0
1616450382244 0.5848411000066597 0
1616450382265 0.5657217840192009 0
1616450382362 0.5780590132532327 0
1616450382381 0.5805329514213334 0
1616450382533 0.600086889907203 0
1616450382705 0.5839897409007812 0
1616450382721 0.5795570155115235 0
1616450382731 0.5710957687537063 0
1616450382760 0.5756779871993977 0
1616450382854 0.5772540467662419 0
1616450382992 0.5791389413927502 0
1616450383028 0.5796623443845352 0
1616450383094 0.5806981532479261 0
1616450383154 0.5719755878344314 0
1616450383259 0.5797552434018807 0
1616450383297 0.5858697449580821 0
1616450383341 0.5748634179003966 0
1616450383413 0.5693661663906727 0
1616450383404 0.5747226342034665 0
1616450383410 0.5860863138827769 0
1616450383427 0.5811229462220956 0
1616450383527 0.5860415143689993 0
1616450383551 0.5782172397872826 0
1616450383580 0.5768041646841483 0
1616450383588 0.5723123123123123 0
1616450383750 0.5765497628215399 0
1616450383767 0.5745061178810349 0
1616450383776 0.5781865624365499 0
1616450383799 0.5791354189938772 0
1616450383826 0.580405214551556 0
1616450383966 0.5813402646437978 0
1616450383967 0.5789537141578329 0
1616450384051 0.5769008674550637 0
1616450384081 0.5903719034035206 0
1616450384148 0.5779262468356157 0
1616450385962 0.5744934942775007 0
1616450386151 0.5890928564639332 0
1616450386157 0.5850108604556997 0
1616450386597 0.5807464644720349 0
