1616450379815 0.8183275837270645 0
1616450379861 0.8171991578205974 0
1616450379881 0.8177368231979347 0
1616450379892 0.8176594187703623 0
1616450379905 0.8159852337023269 0
1616450379907 0.8183568884928775 0
1616450379946 0.8203162710866332 0
1616450379960 0.8183743843112495 0
1616450380015 0.8179105468831889 0
1616450380041 0.8170388089106715 0
1616450380029 0.8184328701894411 0
1616450380082 0.818164744927798 0
1616450380098 0.8180062581632689 0
1616450380102 0.8176328731181788 0
1616450380133 0.8195029822284736 0
1616450380120 0.8168670597066342 0
1616450380227 0.8187603751425251 0
1616450380305 0.8174361035501221 0
1616450380309 0.8175306542604829 0
1616450380353 0.8154579618342593 0
1616450380335 0.8166881401900912 0
1616450380486 0.8193425788035028 0
1616450380530 0.8159883665692996 0
1616450380545 0.8175523345765227 0
1616450380554 0.8179916666725804 0
1616450380603 0.8176452345379063 0
1616450380608 0.8192742625149417 0
1616450380677 0.8195555975501483 0
1616450380695 0.8165022968183283 0
1616450380723 0.8180415577250401 0
1616450380814 0.8174073406758989 0
1616450380888 0.8163264362059302 0
1616450380917 0.819841667357263 0
1616450380969 0.8171007628198431 0
1616450380995 0.8174343277945452 0
1616450380996 0.8166714494503222 0
1616450381000 0.8165025675245587 0
1616450381368 0.8185346117963657 0
1616450381384 0.8185169403369148 0
1616450381396 0.8172281656654335 0
1616450381415 0.8169677244252083 0
1616450381413 0.8162751259449967 0
1616450381426 0.8189314084799348 0
1616450381450 0.8188318702159535 0
1616450381461 0.817480434894822 0
1616450381507 0.817453227250955 0
1616450381579 0.8176167000217175 0
1616450381598 0.817007243987686 0
1616450381676 0.8164104338527627 0
1616450381757 0.8165105737648477 0
1616450381786 0.8172388044624714 0
1616450381793 0.8181498533676423 0
1616450381808 0.8176829747456776 0
1616450381857 0.820032823513396 0
1616450381863 0.8158706411978917 0
1616450381970 0.8168088198093365 0
1616450382010 0.8164784310660066 0
1616450382078 0.8177436459827839 0
1616450382086 0.8192055811370249 0
1616450382098 0.818231531449413 0
1616450382139 0.8173227212374768 0
1616450382244 0.8171804097516198 0
1616450382265 0.8166399894167933 0
1616450382362 0.8166402852728124 0
1616450382381 0.816627889229152 0
1616450382533 0.8170405495698014 0
1616450382705 0.8179814656224891 0
1616450382721 0.8160312275203591 0
1616450382731 0.8176684797978201 0
1616450382760 0.8186955100867448 0
1616450382855 0.8169094821760753 0
1616450382992 0.8171376462946446 0
1616450383028 0.8164542558499838 0
1616450383094 0.8180709783019021 0
1616450383154 0.818637624417096 0
1616450383259 0.8165242199203849 0
1616450383297 0.8171063354962899 0
1616450383341 0.8167901099541663 0
1616450383413 0.8180528752148047 0
1616450383404 0.8180825243393551 0
1616450383410 0.8190530531936989 0
1616450383427 0.8191691762227357 0
1616450383527 0.8172611816603034 0
1616450383551 0.8185620711915371 0
1616450383580 0.8169341545368546 0
1616450383588 0.8157107833489502 0
1616450383750 0.8164462045138715 0
1616450383767 0.8203206477810615 0
1616450383776 0.8185344190453815 0
1616450383799 0.8173478738813643 0
1616450383826 0.8172148826052616 0
1616450383966 0.8186038580971284 0
1616450383967 0.8169403691811478 0
1616450384051 0.8171258437425268 0
1616450384081 0.8169205263307452 0
1616450384148 0.8166468132970438 0
1616450385962 0.8169760992644508 0
1616450386151 0.8175047361544898 0
1616450386157 0.8195050510914 0
1616450386597 0.816886698380923 0
