1616450387443 0.563953488372093 0
1616450387443 0.563953488372093 0
1616450387443 0.5651162790697675 0
1616450387443 0.5662790697674419 0
1616450387443 0.5627906976744186 0
1616450387445 0.5604651162790698 0
1616450387447 0.5546511627906977 0
1616450387443 0.5662790697674419 0
1616450387443 0.563953488372093 0
1616450387444 0.563953488372093 0
1616450387444 0.5546511627906977 0
1616450387461 0.5616279069767441 0
1616450387468 0.5593023255813954 0
1616450387468 0.5616279069767441 0
1616450387470 0.5709302325581396 0
1616450387470 0.5651162790697675 0
1616450387471 0.5662790697674419 0
1616450387470 0.5616279069767441 0
1616450387471 0.5674418604651162 0
1616450387476 0.5569767441860465 0
1616450387481 0.5674418604651162 0
1616450387482 0.5627906976744186 0
1616450387483 0.5651162790697675 0
1616450387470 0.5546511627906977 0
1616450387486 0.5604651162790698 0
1616450387483 0.5686046511627907 0
1616450387481 0.5662790697674419 0
1616450387481 0.5593023255813954 0
1616450387494 0.5593023255813954 0
1616450387481 0.5651162790697675 0
1616450387483 0.5686046511627907 0
1616450387504 0.5569767441860465 0
1616450387534 0.5686046511627907 0
1616450387539 0.5627906976744186 0
1616450387531 0.563953488372093 0
1616450387540 0.563953488372093 0
1616450387550 0.5604651162790698 0
1616450387555 0.5546511627906977 0
1616450387619 0.5546511627906977 0
1616450387651 0.5616279069767441 0
1616450387694 0.5604651162790698 0
1616450387687 0.5627906976744186 0
1616450387713 0.5651162790697675 0
1616450387702 0.5697674418604651 0
1616450387726 0.5581395348837209 0
1616450387728 0.5604651162790698 0
1616450387742 0.5616279069767441 0
1616450387760 0.5686046511627907 0
1616450387747 0.5662790697674419 0
1616450387788 0.5569767441860465 0
1616450387906 0.5511627906976744 0
1616450387919 0.563953488372093 0
1616450387971 0.5627906976744186 0
1616450387973 0.563953488372093 0
1616450387973 0.5686046511627907 0
1616450388022 0.5627906976744186 0
1616450388023 0.5627906976744186 0
1616450388038 0.5558139534883721 0
1616450388046 0.5616279069767441 0
1616450388059 0.5604651162790698 0
1616450388064 0.5627906976744186 0
1616450388089 0.5581395348837209 0
1616450388155 0.5616279069767441 0
1616450388208 0.5476744186046512 0
1616450388219 0.5604651162790698 0
1616450388240 0.5686046511627907 0
1616450388278 0.5574912891986062 0
1616450388288 0.563953488372093 0
1616450388364 0.5558139534883721 0
1616450388385 0.5627906976744186 0
1616450388429 0.5609756097560976 0
1616450388452 0.5586527293844367 0
1616450388531 0.5586527293844367 0
1616450388516 0.5632984901277585 0
1616450388592 0.562137049941928 0
1616450388611 0.5609756097560976 0
1616450388641 0.5644599303135889 0
1616450388682 0.5656213704994193 0
1616450388687 0.5598141695702671 0
1616450388709 0.5598141695702671 0
1616450388715 0.5644599303135889 0
1616450388753 0.5632984901277585 0
1616450388762 0.562137049941928 0
1616450388817 0.5691056910569106 0
1616450388846 0.5632984901277585 0
1616450388973 0.5667828106852497 0
1616450388961 0.5574912891986062 0
1616450388997 0.5644599303135889 0
1616450388979 0.5632984901277585 0
1616450389053 0.5598141695702671 0
1616450389037 0.5528455284552846 0
1616450389068 0.5656213704994193 0
1616450389193 0.5737514518002322 0
1616450389219 0.562137049941928 0
1616450389233 0.5656213704994193 0
1616450389279 0.562137049941928 0
1616450389290 0.554006968641115 0
1616450389357 0.5609756097560976 0
1616450389354 0.5574912891986062 0
1616450389429 0.5505226480836237 0
