1616450387443 0.5176848608699534 0
1616450387443 0.5159242401819291 0
1616450387443 0.5207367654694627 0
1616450387443 0.5216350134306296 0
1616450387443 0.5148757177345696 0
1616450387445 0.5200846633543137 0
1616450387446 0.5127404158997506 0
1616450387443 0.5223925788405333 0
1616450387443 0.5167183390944586 0
1616450387444 0.5186403112232242 0
1616450387444 0.5068719200093174 0
1616450387461 0.5143505834353688 0
1616450387468 0.5122984316324276 0
1616450387468 0.5170779699904133 0
1616450387470 0.5247486568428139 0
1616450387470 0.5161229652705681 0
1616450387470 0.5185103036148837 0
1616450387471 0.5200071188115755 0
1616450387470 0.5175310231911846 0
1616450387471 0.5221726141619439 0
1616450387476 0.5213088295807025 0
1616450387481 0.5120085711912349 0
1616450387481 0.5174760414738123 0
1616450387481 0.5212074220666709 0
1616450387482 0.5151842795963875 0
1616450387483 0.5157142938089299 0
1616450387486 0.5122060094714005 0
1616450387483 0.5246737583650056 0
1616450387494 0.5105598656401421 0
1616450387481 0.5177675742085028 0
1616450387483 0.5239024251264156 0
1616450387504 0.52103542428955 0
1616450387531 0.5172202730186363 0
1616450387534 0.5246942129708646 0
1616450387539 0.5174329698040822 0
1616450387540 0.5189807839600269 0
1616450387550 0.5142173423736195 0
1616450387555 0.5207615536605877 0
1616450387619 0.511563868246662 0
1616450387651 0.5137351553361486 0
1616450387694 0.5137536337209302 0
1616450387687 0.5197341981236093 0
1616450387713 0.5193541587613938 0
1616450387702 0.524519619156339 0
1616450387726 0.5158105089682373 0
1616450387728 0.5125146363591874 0
1616450387742 0.5148911060967495 0
1616450387747 0.5200968303363624 0
1616450387760 0.523814604471225 0
1616450387788 0.5069590837548626 0
1616450387906 0.5157675514576424 0
1616450387919 0.5243690937804447 0
1616450387971 0.5168927648578812 0
1616450387973 0.5181015573890814 0
1616450387973 0.5238865146424958 0
1616450388022 0.5171755073105113 0
1616450388023 0.5188446200464683 0
1616450388038 0.5316672028679107 0
1616450388046 0.5219463559520963 0
1616450388059 0.514305298769981 0
1616450388064 0.5160114311227706 0
1616450388089 0.5194560776694925 0
1616450388155 0.5151023433665533 0
1616450388208 0.5125982910699701 0
1616450388219 0.5150005697605196 0
1616450388240 0.5222865703252535 0
1616450388278 0.5093175889211773 0
1616450388288 0.5205755192339511 0
1616450388364 0.5141352266616731 0
1616450388385 0.5171881721364019 0
1616450388429 0.5165477161338524 0
1616450388452 0.5113348477606584 0
1616450388531 0.5162112570136904 0
1616450388516 0.5175347739333754 0
1616450388592 0.5135551497981176 0
1616450388611 0.5150773769113155 0
1616450388641 0.518232817745543 0
1616450388682 0.5204457314585386 0
1616450388687 0.5257602668334376 0
1616450388709 0.5140887170925281 0
1616450388715 0.521465485912376 0
1616450388753 0.5183918167950866 0
1616450388762 0.5197569116255254 0
1616450388817 0.5228107604289152 0
1616450388846 0.5171273580844278 0
1616450388961 0.5193221752783436 0
1616450388973 0.5208383698059998 0
1616450388997 0.5184081605335106 0
1616450388979 0.5205361224223257 0
1616450389052 0.5210357813862148 0
1616450389036 0.5150276604334112 0
1616450389068 0.5185125340375261 0
1616450389193 0.5282916403528903 0
1616450389219 0.5172262403940469 0
1616450389233 0.5193897250250098 0
1616450389279 0.5157957649100555 0
1616450389290 0.5086970715618231 0
1616450389354 0.5118716868006722 0
1616450389357 0.5151093159334071 0
1616450389429 0.511684552043367 0
