1616450387443 0.5168809762708559 0
1616450387443 0.5144943864413226 0
1616450387443 0.5187240997009986 0
1616450387443 0.52204551015282 0
1616450387443 0.5145596691064686 0
1616450387445 0.5044504100840489 0
1616450387447 0.4998184272745008 0
1616450387443 0.5197358931838758 0
1616450387443 0.5191036341571515 0
1616450387444 0.5202744473157539 0
1616450387444 0.5045690257152914 0
1616450387461 0.5125513227774463 0
1616450387468 0.5131069893714558 0
1616450387468 0.5131851202672201 0
1616450387470 0.5249785371587359 0
1616450387470 0.5182597356705452 0
1616450387471 0.5220674610670599 0
1616450387470 0.5159723350623183 0
1616450387471 0.5217159573420505 0
1616450387476 0.4947670485146658 0
1616450387481 0.5221920827553067 0
1616450387482 0.5161085941750152 0
1616450387483 0.5192795696633767 0
1616450387470 0.4938327066291935 0
1616450387486 0.5107885045836831 0
1616450387483 0.5203097336213647 0
1616450387481 0.5175363360102513 0
1616450387481 0.5144738987504532 0
1616450387494 0.5109346445259844 0
1616450387481 0.5196778822972213 0
1616450387483 0.5230928902196937 0
1616450387504 0.49502703587104935 0
1616450387534 0.5204741041153874 0
1616450387539 0.5171902921604316 0
1616450387531 0.5198122317705323 0
1616450387540 0.5186856349537057 0
1616450387550 0.5122755177610248 0
1616450387555 0.480826659807896 0
1616450387619 0.4979007412549945 0
1616450387651 0.5144737154955731 0
1616450387694 0.511463555256771 0
1616450387687 0.5126438340354319 0
1616450387713 0.5184955600279679 0
1616450387702 0.5216098415803978 0
1616450387726 0.5096983414693308 0
1616450387728 0.5138482966478337 0
1616450387742 0.511716985250172 0
1616450387747 0.5212787328423087 0
1616450387760 0.5236310737237327 0
1616450387788 0.5096918337674172 0
1616450387906 0.4719706759969985 0
1616450387919 0.5088019423830252 0
1616450387971 0.5176136966148819 0
1616450387973 0.518751295780124 0
1616450387973 0.5262901361091158 0
1616450388022 0.5173743497142581 0
1616450388023 0.5093476385848732 0
1616450388038 0.4752093270885112 0
1616450388046 0.5045200916650638 0
1616450388059 0.5117022789712757 0
1616450388064 0.5162395031648731 0
1616450388089 0.49903392521962714 0
1616450388155 0.5132016083513935 0
1616450388208 0.46598751445763104 0
1616450388219 0.5079581830628928 0
1616450388240 0.5212872772404641 0
1616450388278 0.5084251081138476 0
1616450388288 0.5109810350587881 0
1616450388364 0.4957794243394038 0
1616450388385 0.5150534958038717 0
1616450388429 0.5105898842319825 0
1616450388452 0.5137986612497436 0
1616450388531 0.5065995869928692 0
1616450388516 0.5108654428267397 0
1616450388592 0.5143784231845078 0
1616450388611 0.5153554255118031 0
1616450388641 0.5179189407210354 0
1616450388682 0.5164125600224482 0
1616450388687 0.4997750746089334 0
1616450388709 0.511778921428421 0
1616450388715 0.518869515304668 0
1616450388753 0.5184943555536601 0
1616450388762 0.5117396278821121 0
1616450388817 0.5224811756352928 0
1616450388846 0.5189096967271293 0
1616450388961 0.49852757677535386 0
1616450388973 0.5211919701130373 0
1616450388997 0.5188785681626467 0
1616450388979 0.5164790277855883 0
1616450389053 0.5014934944369394 0
1616450389037 0.4916009462147588 0
1616450389068 0.5182402463768206 0
1616450389193 0.52817155882424 0
1616450389219 0.5176333250354058 0
1616450389233 0.519638466308633 0
1616450389279 0.512581353909782 0
1616450389290 0.49611168553466223 0
1616450389354 0.5074273608954928 0
1616450389357 0.5166125786928646 0
1616450389429 0.48526786448662856 0
