1616450387198 0.563953488372093 0
1616450387244 0.5604651162790698 0
1616450387249 0.563953488372093 0
1616450387264 0.5662790697674419 0
1616450387266 0.5651162790697675 0
1616450387267 0.563953488372093 0
1616450387271 0.5627906976744186 0
1616450387273 0.5662790697674419 0
1616450387278 0.5593023255813954 0
1616450387280 0.563953488372093 0
1616450387281 0.5546511627906977 0
1616450387282 0.5674418604651162 0
1616450387284 0.5686046511627907 0
1616450387284 0.5674418604651162 0
1616450387292 0.5662790697674419 0
1616450387294 0.5651162790697675 0
1616450387302 0.5651162790697675 0
1616450387306 0.5686046511627907 0
1616450387317 0.5662790697674419 0
1616450387317 0.5709302325581396 0
1616450387321 0.5616279069767441 0
1616450387323 0.563953488372093 0
1616450387329 0.5616279069767441 0
1616450387330 0.5569767441860465 0
1616450387334 0.5593023255813954 0
1616450387349 0.5546511627906977 0
1616450387358 0.5651162790697675 0
1616450387358 0.5593023255813954 0
1616450387358 0.5569767441860465 0
1616450387361 0.5604651162790698 0
1616450387385 0.5546511627906977 0
1616450387385 0.5616279069767441 0
1616450387409 0.563953488372093 0
1616450387410 0.5546511627906977 0
1616450387415 0.5627906976744186 0
1616450387426 0.5686046511627907 0
1616450387433 0.5546511627906977 0
1616450387442 0.5604651162790698 0
1616450387455 0.5627906976744186 0
1616450387489 0.5616279069767441 0
1616450387519 0.5627906976744186 0
1616450387527 0.5604651162790698 0
1616450387532 0.5651162790697675 0
1616450387535 0.5697674418604651 0
1616450387560 0.5616279069767441 0
1616450387568 0.5604651162790698 0
1616450387579 0.5581395348837209 0
1616450387584 0.5662790697674419 0
1616450387593 0.5686046511627907 0
1616450387627 0.5569767441860465 0
1616450387704 0.5511627906976744 0
1616450387759 0.563953488372093 0
1616450387784 0.5627906976744186 0
1616450387792 0.5627906976744186 0
1616450387800 0.5686046511627907 0
1616450387802 0.5616279069767441 0
1616450387803 0.563953488372093 0
1616450387830 0.5558139534883721 0
1616450387842 0.5604651162790698 0
1616450387836 0.5627906976744186 0
1616450387891 0.5581395348837209 0
1616450387899 0.5627906976744186 0
1616450387963 0.5616279069767441 0
1616450387975 0.5476744186046512 0
1616450388011 0.5686046511627907 0
1616450388014 0.5604651162790698 0
1616450388053 0.563953488372093 0
1616450388076 0.5574912891986062 0
1616450388128 0.5558139534883721 0
1616450388153 0.5627906976744186 0
1616450388209 0.5609756097560976 0
1616450388230 0.5586527293844367 0
1616450388273 0.5609756097560976 0
1616450388274 0.5632984901277585 0
1616450388319 0.5586527293844367 0
1616450388302 0.562137049941928 0
1616450388387 0.5644599303135889 0
1616450388371 0.5656213704994193 0
1616450388442 0.5598141695702671 0
1616450388464 0.5644599303135889 0
1616450388483 0.5598141695702671 0
1616450388488 0.562137049941928 0
1616450388492 0.5632984901277585 0
1616450388536 0.5632984901277585 0
1616450388572 0.5691056910569106 0
1616450388645 0.5632984901277585 0
1616450388653 0.5667828106852497 0
1616450388671 0.5644599303135889 0
1616450388733 0.5574912891986062 0
1616450388769 0.5528455284552846 0
1616450388784 0.5598141695702671 0
1616450388814 0.5656213704994193 0
1616450388933 0.5656213704994193 0
1616450388970 0.562137049941928 0
1616450388978 0.5737514518002322 0
1616450388983 0.562137049941928 0
1616450388997 0.554006968641115 0
1616450389095 0.5609756097560976 0
1616450389216 0.5505226480836237 0
1616450389221 0.5574912891986062 0
