1616001543820 1.0 0
1616001543827 1.0 0
1616001543846 1.0 0
1616001543823 1.0 0
1616001543876 1.0 0
1616001543905 1.0 0
1616001543932 1.0 0
1616001543961 1.0 0
1616001543946 1.0 0
1616001544028 1.0 0
1616001544073 1.0 0
1616001544117 1.0 0
1616001544308 1.0 0
1616001544405 1.0 0
1616001544406 1.0 0
1616001544496 1.0 0
1616001544522 1.0 0
1616001544508 1.0 0
1616001544633 1.0 0
1616001544638 1.0 0
1616001544702 1.0 0
1616001544740 1.0 0
1616001544773 1.0 0
1616001544871 1.0 0
1616001544975 1.0 0
1616001544998 1.0 0
1616001545028 1.0 0
1616001545046 1.0 0
1616001545088 1.0 0
1616001545198 1.0 0
1616001545262 1.0 0
1616001545282 1.0 0
1616001545289 1.0 0
1616001545305 1.0 0
1616001545355 1.0 0
1616001545376 1.0 0
1616001545412 1.0 0
1616001545467 1.0 0
1616001545543 1.0 0
1616001545569 1.0 0
1616001545570 1.0 0
1616001545570 1.0 0
1616001545649 1.0 0
1616001545650 1.0 0
1616001545699 1.0 0
1616001545688 1.0 0
1616001545715 1.0 0
1616001545723 1.0 0
1616001545741 1.0 0
1616001545757 1.0 0
1616001545807 0.9999999999999999 0
1616001545810 1.0 0
1616001545881 1.0 0
1616001545879 1.0 0
1616001545938 1.0 0
1616001545952 1.0 0
1616001546066 1.0 0
1616001546074 1.0 0
1616001546092 1.0 0
1616001546112 1.0 0
1616001546108 1.0 0
1616001546103 1.0 0
1616001546147 1.0 0
1616001546235 1.0 0
1616001546283 1.0 0
1616001546307 1.0 0
1616001546336 1.0 0
1616001546470 1.0 0
1616001546483 1.0 0
1616001546612 1.0 0
1616001546617 1.0 0
1616001546741 1.0 0
1616001546794 1.0 0
1616001546832 1.0 0
1616001546843 1.0 0
1616001546834 1.0 0
1616001546886 1.0 0
1616001546958 1.0 0
1616001546997 1.0 0
1616001547000 1.0 0
1616001546986 1.0 0
1616001547017 1.0 0
1616001547056 1.0 0
1616001547053 1.0 0
1616001547100 1.0 0
1616001547091 1.0 0
1616001547131 1.0 0
1616001547134 1.0 0
1616001547128 1.0 0
1616001547159 1.0 0
1616001547211 1.0 0
1616001547295 1.0 0
1616001547297 1.0 0
1616001547329 1.0 0
1616001547413 1.0 0
1616001547443 1.0 0
1616001547501 1.0 0
1616001547487 1.0 0
1616001547528 1.0 0
1616001548067 1.0 0
