1616001278285 0.5725900116144018 0
1616001279386 0.5609756097560976 0
1616001279575 0.5923344947735192 0
1616001280009 0.5807200929152149 0
1616001280270 0.5679442508710801 0
1616001280474 0.570267131242741 0
1616001280883 0.562137049941928 0
1616001281113 0.5609756097560976 0
1616001281540 0.5667828106852497 0
1616001282054 0.5679442508710801 0
1616001282656 0.5574912891986062 0
1616001283267 0.5830429732868757 0
1616001283475 0.5516840882694541 0
1616001283514 0.578397212543554 0
1616001283533 0.578397212543554 0
1616001283546 0.570267131242741 0
1616001283602 0.578397212543554 0
1616001283600 0.5679442508710801 0
1616001283853 0.5767441860465117 0
1616001284096 0.5691056910569106 0
1616001284138 0.5772357723577236 0
1616001284292 0.5598141695702671 0
1616001284505 0.5772357723577236 0
1616001284677 0.5767441860465117 0
1616001284680 0.5697674418604651 0
1616001284720 0.578397212543554 0
1616001284767 0.5679442508710801 0
1616001284764 0.5744186046511628 0
1616001284774 0.5725900116144018 0
1616001284887 0.5569767441860465 0
1616001284897 0.562137049941928 0
1616001284874 0.5744186046511628 0
1616001284949 0.5651162790697675 0
1616001284964 0.5842044134727061 0
1616001284993 0.5900116144018583 0
1616001285063 0.570267131242741 0
1616001285118 0.563953488372093 0
1616001285518 0.5749128919860628 0
1616001285544 0.5581395348837209 0
1616001285558 0.5709302325581396 0
1616001285558 0.5732558139534883 0
1616001285577 0.5546511627906977 0
1616001285560 0.5709302325581396 0
1616001285693 0.5732558139534883 0
1616001285737 0.563953488372093 0
1616001285753 0.5709302325581396 0
1616001285869 0.5627906976744186 0
1616001285884 0.5674418604651162 0
1616001285924 0.563953488372093 0
1616001286001 0.5720930232558139 0
1616001286031 0.586046511627907 0
1616001286111 0.563953488372093 0
1616001286152 0.577906976744186 0
1616001286209 0.577906976744186 0
1616001286240 0.5732558139534883 0
1616001286238 0.5651162790697675 0
1616001286251 0.5720930232558139 0
1616001286300 0.5976744186046512 0
1616001286365 0.5546511627906977 0
1616001286383 0.5720930232558139 0
1616001286386 0.5790697674418605 0
1616001286400 0.5453488372093023 0
1616001286414 0.5616279069767441 0
1616001286415 0.5930232558139535 0
1616001286463 0.5709302325581396 0
1616001286470 0.5732558139534883 0
1616001286433 0.5825581395348837 0
1616001286527 0.5709302325581396 0
1616001286541 0.5720930232558139 0
1616001286595 0.5720930232558139 0
1616001286633 0.577906976744186 0
1616001286640 0.577906976744186 0
1616001286690 0.5686046511627907 0
1616001286721 0.5755813953488372 0
1616001286754 0.5604651162790698 0
1616001286846 0.5627906976744186 0
1616001286868 0.563953488372093 0
1616001286898 0.5616279069767441 0
1616001287010 0.5837209302325581 0
1616001287027 0.5790697674418605 0
1616001287031 0.5744186046511628 0
1616001287034 0.5662790697674419 0
1616001287042 0.5686046511627907 0
1616001287043 0.5604651162790698 0
1616001287075 0.5744186046511628 0
1616001287078 0.5581395348837209 0
1616001287090 0.5651162790697675 0
1616001287089 0.5709302325581396 0
1616001287175 0.5807200929152149 0
1616001287204 0.5453488372093023 0
1616001287225 0.5697674418604651 0
1616001287341 0.5906976744186047 0
1616001287400 0.5674418604651162 0
1616001287448 0.5662790697674419 0
1616001287556 0.5674418604651162 0
1616001287681 0.5686046511627907 0
1616001287751 0.5651162790697675 0
1616001287997 0.5593023255813954 0
1616001288028 0.5558139534883721 0
1616001288036 0.5616279069767441 0
