1616001278285 0.631657274527705 0
1616001279386 0.608506749365601 0
1616001279575 0.6340097370707541 0
1616001280009 0.6315568075471466 0
1616001280270 0.6120377405269679 0
1616001280474 0.6333418934510077 0
1616001280883 0.6203329486582121 0
1616001281113 0.6035171830959669 0
1616001281540 0.6197198983134808 0
1616001282054 0.6192995879042753 0
1616001282656 0.6040290706745022 0
1616001283267 0.6347129782645943 0
1616001283475 0.5970210501798637 0
1616001283514 0.6255773966534263 0
1616001283533 0.6343706208691531 0
1616001283546 0.6195773332904682 0
1616001283602 0.6282516827190303 0
1616001283600 0.6162010063035772 0
1616001283853 0.6295673749185957 0
1616001284096 0.6231868373939667 0
1616001284138 0.6259322164057176 0
1616001284292 0.6193732634650247 0
1616001284505 0.6289133368609214 0
1616001284677 0.6236543088595048 0
1616001284680 0.6192347987649796 0
1616001284720 0.6264002906642435 0
1616001284767 0.6158454249417995 0
1616001284764 0.6316827194950305 0
1616001284755 0.6206265258252889 0
1616001284887 0.6105398358163329 0
1616001284897 0.6019049167757815 0
1616001284874 0.6303008509517445 0
1616001284949 0.617838471513276 0
1616001284964 0.6293240191067615 0
1616001284993 0.6390562410393142 0
1616001285063 0.6253109660606863 0
1616001285118 0.6247489974746073 0
1616001285518 0.6264212991214295 0
1616001285544 0.6013833873490422 0
1616001285558 0.6220318592361828 0
1616001285558 0.623814630954162 0
1616001285577 0.604651667350098 0
1616001285560 0.6270159945613536 0
1616001285693 0.619716223933466 0
1616001285737 0.6124037782778469 0
1616001285753 0.6377689050119186 0
1616001285869 0.611506368000862 0
1616001285884 0.6053077280382438 0
1616001285924 0.61314410680162 0
1616001286001 0.614651426715077 0
1616001286031 0.6294654177007509 0
1616001286111 0.6195387773727128 0
1616001286152 0.629628636094617 0
1616001286209 0.6304382176288773 0
1616001286238 0.6158960598097525 0
1616001286240 0.6192390985414241 0
1616001286250 0.6318437100756145 0
1616001286300 0.6423395456916893 0
1616001286365 0.6016341283869464 0
1616001286383 0.6219199598368815 0
1616001286386 0.6313972406023132 0
1616001286400 0.5996793375832475 0
1616001286414 0.6183880617471694 0
1616001286415 0.6385576825593394 0
1616001286463 0.6099421917759111 0
1616001286470 0.6226980498377539 0
1616001286433 0.6319755260158243 0
1616001286527 0.6215320374356916 0
1616001286541 0.6225479587650593 0
1616001286595 0.6219849765792038 0
1616001286633 0.6198189325416584 0
1616001286640 0.6300567634413808 0
1616001286690 0.6197871509948802 0
1616001286721 0.62425506117892 0
1616001286754 0.6260661967188502 0
1616001286846 0.6085852348338148 0
1616001286868 0.6263108941951206 0
1616001286898 0.6082158197841399 0
1616001287010 0.631458700725704 0
1616001287027 0.6247258279734783 0
1616001287031 0.6281995978866675 0
1616001287034 0.6125842626817911 0
1616001287042 0.6082874120515855 0
1616001287043 0.6040026109605102 0
1616001287075 0.6235101869034384 0
1616001287078 0.6133529606387064 0
1616001287090 0.6190262739436547 0
1616001287089 0.6191718358014847 0
1616001287175 0.636436103212839 0
1616001287204 0.5913346885672468 0
1616001287225 0.6205561424495518 0
1616001287341 0.6378886793678552 0
1616001287400 0.6173779751308193 0
1616001287448 0.6206391272699839 0
1616001287556 0.6106710838909353 0
1616001287681 0.6298188015611775 0
1616001287751 0.6138480908319114 0
1616001287997 0.6173828550865551 0
1616001288036 0.6194380319579685 0
1616001288028 0.6054631913939552 0
