1616001274907 0.5725900116144018 0
1616001275782 0.5609756097560976 0
1616001275790 0.5679442508710801 0
1616001276113 0.5807200929152149 0
1616001276327 0.5923344947735192 0
1616001276652 0.570267131242741 0
1616001276930 0.562137049941928 0
1616001277453 0.5667828106852497 0
1616001277492 0.5609756097560976 0
1616001278297 0.5679442508710801 0
1616001278373 0.5574912891986062 0
1616001278460 0.5767441860465117 0
1616001278496 0.5679442508710801 0
1616001278525 0.5830429732868757 0
1616001278761 0.5744186046511628 0
1616001278909 0.578397212543554 0
1616001278909 0.5516840882694541 0
1616001279106 0.563953488372093 0
1616001279245 0.5744186046511628 0
1616001279318 0.578397212543554 0
1616001279327 0.5772357723577236 0
1616001279331 0.578397212543554 0
1616001279459 0.5697674418604651 0
1616001279540 0.5598141695702671 0
1616001279554 0.5725900116144018 0
1616001279558 0.5691056910569106 0
1616001279645 0.5679442508710801 0
1616001279705 0.5569767441860465 0
1616001279737 0.5581395348837209 0
1616001279821 0.5674418604651162 0
1616001279822 0.5772357723577236 0
1616001279842 0.570267131242741 0
1616001279902 0.562137049941928 0
1616001279910 0.5900116144018583 0
1616001279945 0.5651162790697675 0
1616001279946 0.5842044134727061 0
1616001279968 0.5767441860465117 0
1616001279986 0.578397212543554 0
1616001280073 0.5720930232558139 0
1616001280087 0.570267131242741 0
1616001280151 0.5749128919860628 0
1616001280177 0.5546511627906977 0
1616001280200 0.5720930232558139 0
1616001280266 0.563953488372093 0
1616001280293 0.5709302325581396 0
1616001280369 0.5651162790697675 0
1616001280390 0.577906976744186 0
1616001280414 0.5732558139534883 0
1616001280423 0.5976744186046512 0
1616001280487 0.586046511627907 0
1616001280509 0.5709302325581396 0
1616001280513 0.5732558139534883 0
1616001280604 0.5825581395348837 0
1616001280580 0.5732558139534883 0
1616001280617 0.5616279069767441 0
1616001280666 0.563953488372093 0
1616001280644 0.5930232558139535 0
1616001280669 0.5709302325581396 0
1616001280674 0.5546511627906977 0
1616001280677 0.5686046511627907 0
1616001280689 0.5604651162790698 0
1616001280713 0.577906976744186 0
1616001280719 0.577906976744186 0
1616001280748 0.5790697674418605 0
1616001280837 0.5627906976744186 0
1616001280883 0.563953488372093 0
1616001280902 0.5790697674418605 0
1616001280913 0.563953488372093 0
1616001280911 0.5720930232558139 0
1616001281032 0.5720930232558139 0
1616001281044 0.5581395348837209 0
1616001281074 0.5453488372093023 0
1616001281099 0.5744186046511628 0
1616001281116 0.5697674418604651 0
1616001281152 0.5720930232558139 0
1616001281184 0.5686046511627907 0
1616001281215 0.5616279069767441 0
1616001281227 0.5732558139534883 0
1616001281295 0.5686046511627907 0
1616001281335 0.5837209302325581 0
1616001281331 0.5651162790697675 0
1616001281338 0.5709302325581396 0
1616001281350 0.577906976744186 0
1616001281375 0.5604651162790698 0
1616001281391 0.5674418604651162 0
1616001281434 0.5651162790697675 0
1616001281499 0.5453488372093023 0
1616001281502 0.5709302325581396 0
1616001281528 0.5674418604651162 0
1616001281561 0.5709302325581396 0
1616001281551 0.5627906976744186 0
1616001281691 0.5662790697674419 0
1616001281762 0.5744186046511628 0
1616001281821 0.5616279069767441 0
1616001281834 0.5906976744186047 0
1616001281902 0.5593023255813954 0
1616001281909 0.5755813953488372 0
1616001281914 0.5662790697674419 0
1616001281971 0.5558139534883721 0
1616001282102 0.5807200929152149 0
