1616454236929 0.7666666666666667 0
1616454236935 0.7666666666666667 0
1616454236954 0.7641196013289037 0
1616454236956 0.7766666666666666 0
1616454236964 0.7840531561461794 0
1616454236966 0.76 0
1616454236968 0.7574750830564784 0
1616454236974 0.770764119601329 0
1616454236978 0.7774086378737541 0
1616454236988 0.770764119601329 0
1616454236990 0.770764119601329 0
1616454237006 0.770764119601329 0
1616454237012 0.7674418604651163 0
1616454237016 0.7740863787375415 0
1616454237022 0.7740863787375415 0
1616454237045 0.770764119601329 0
1616454237066 0.770764119601329 0
1616454237078 0.770764119601329 0
1616454237079 0.7674418604651163 0
1616454237088 0.7541528239202658 0
1616454237095 0.770764119601329 0
1616454237117 0.7906976744186046 0
1616454237127 0.7740863787375415 0
1616454237148 0.7774086378737541 0
1616454237153 0.770764119601329 0
1616454237154 0.770764119601329 0
1616454237172 0.7774086378737541 0
1616454237188 0.7740863787375415 0
1616454237191 0.7674418604651163 0
1616454237235 0.7740863787375415 0
1616454237239 0.7674418604651163 0
1616454237287 0.7574750830564784 0
1616454237327 0.7774086378737541 0
1616454237361 0.760797342192691 0
1616454237368 0.7740863787375415 0
1616454237405 0.770764119601329 0
1616454237414 0.7807308970099668 0
1616454237431 0.7674418604651163 0
1616454237447 0.7641196013289037 0
1616454237448 0.7674418604651163 0
1616454237494 0.7674418604651163 0
1616454237547 0.770764119601329 0
1616454237578 0.7740863787375415 0
1616454237586 0.7774086378737541 0
1616454237587 0.7740863787375415 0
1616454237593 0.7807308970099668 0
1616454237618 0.7674418604651163 0
1616454237648 0.7674418604651163 0
1616454237665 0.770764119601329 0
1616454237693 0.770764119601329 0
1616454237694 0.7840531561461794 0
1616454237693 0.770764119601329 0
1616454237713 0.7641196013289037 0
1616454237729 0.7774086378737541 0
1616454237774 0.7641196013289037 0
1616454237785 0.7641196013289037 0
1616454237785 0.7541528239202658 0
1616454237847 0.760797342192691 0
1616454237853 0.7674418604651163 0
1616454237854 0.770764119601329 0
1616454237914 0.7774086378737541 0
1616454237988 0.7674418604651163 0
1616454238034 0.7674418604651163 0
1616454238044 0.770764119601329 0
1616454238046 0.7740863787375415 0
1616454238095 0.7774086378737541 0
1616454238150 0.7840531561461794 0
1616454238190 0.7674418604651163 0
1616454238234 0.7774086378737541 0
1616454238248 0.7641196013289037 0
1616454238236 0.7740863787375415 0
1616454238305 0.770764119601329 0
1616454238325 0.7740863787375415 0
1616454238407 0.770764119601329 0
1616454238410 0.7674418604651163 0
1616454238455 0.7740863787375415 0
1616454238460 0.760797342192691 0
1616454238522 0.7674418604651163 0
1616454238552 0.7774086378737541 0
1616454238596 0.7774086378737541 0
1616454238610 0.770764119601329 0
1616454238665 0.760797342192691 0
1616454238699 0.7641196013289037 0
1616454238724 0.770764119601329 0
1616454238729 0.7641196013289037 0
1616454238828 0.7774086378737541 0
1616454238929 0.7641196013289037 0
1616454238930 0.7840531561461794 0
1616454238985 0.770764119601329 0
1616454239007 0.7740863787375415 0
1616454239064 0.7807308970099668 0
1616454239066 0.7740863787375415 0
1616454239138 0.7641196013289037 0
1616454239151 0.7740863787375415 0
1616454239212 0.7674418604651163 0
1616454239287 0.7807308970099668 0
1616454239309 0.7641196013289037 0
1616454239311 0.760797342192691 0
1616454239316 0.7740863787375415 0
1616454239364 0.7674418604651163 0
