1616454236942 0.7592664636342796 0
1616454236949 0.7589991749227418 0
1616454236970 0.7590896960789602 0
1616454236971 0.7688048949409708 0
1616454236978 0.7791511473504712 0
1616454236981 0.7532122895763063 0
1616454236983 0.7503043939367305 0
1616454236987 0.7645082185089 0
1616454236993 0.7714432971611331 0
1616454237003 0.7650512831527949 0
1616454237004 0.7643561912846815 0
1616454237026 0.7664838287493951 0
1616454237027 0.7599520401275028 0
1616454237030 0.7670182851835409 0
1616454237036 0.7682137098930003 0
1616454237065 0.7640704368298968 0
1616454237090 0.7645263983270378 0
1616454237100 0.7640893876853329 0
1616454237103 0.7601029776339255 0
1616454237112 0.7450027260776354 0
1616454237119 0.7622304183794133 0
1616454237141 0.7846687954699333 0
1616454237154 0.7656266191148708 0
1616454237172 0.7717629859186987 0
1616454237177 0.7642841356480411 0
1616454237178 0.7654412581380311 0
1616454237196 0.7712140909309767 0
1616454237212 0.7687149809899043 0
1616454237215 0.762071426731861 0
1616454237259 0.7672108484736195 0
1616454237263 0.7614060515013665 0
1616454237310 0.7503258691434368 0
1616454237355 0.7717629859186987 0
1616454237386 0.7532123690263224 0
1616454237405 0.7650772742633457 0
1616454237437 0.7734050060873692 0
1616454237469 0.7582741078504373 0
1616454237457 0.764164988010302 0
1616454237493 0.7614772133428636 0
1616454237509 0.7601001665951863 0
1616454237546 0.7605097106915966 0
1616454237598 0.7643993524533786 0
1616454237601 0.7678241438185549 0
1616454237635 0.7702159604802549 0
1616454237637 0.7672740111359349 0
1616454237644 0.7756386730988242 0
1616454237667 0.7607216983394485 0
1616454237695 0.7613211442395483 0
1616454237702 0.7635064794370732 0
1616454237729 0.7641212001357509 0
1616454237744 0.7768696220501291 0
1616454237738 0.7646956592371649 0
1616454237754 0.7570730078407003 0
1616454237804 0.7728949264142813 0
1616454237822 0.7561458321433312 0
1616454237834 0.7552426360505119 0
1616454237836 0.746083480426401 0
1616454237887 0.7550290728520891 0
1616454237903 0.7596163649319795 0
1616454237914 0.7646397944609901 0
1616454237964 0.7714019613498607 0
1616454238072 0.7629158742318086 0
1616454238093 0.763817424986992 0
1616454238093 0.7682288809976806 0
1616454238102 0.7607420043621985 0
1616454238149 0.7710790222553384 0
1616454238211 0.7773156430133173 0
1616454238251 0.7600277463400387 0
1616454238294 0.771949810755264 0
1616454238290 0.7559941262872898 0
1616454238309 0.7680884112208717 0
1616454238385 0.7674232451616815 0
1616454238365 0.7637471562271811 0
1616454238484 0.765182035652337 0
1616454238469 0.7608714596224764 0
1616454238509 0.7534845030024142 0
1616454238540 0.7672624933927837 0
1616454238575 0.7707775428705662 0
1616454238595 0.760965111741906 0
1616454238669 0.770700387100677 0
1616454238693 0.7631006182572921 0
1616454238741 0.7564880001112522 0
1616454238725 0.7537914435007336 0
1616454238775 0.7644759015840916 0
1616454238814 0.7577945166687056 0
1616454238892 0.7715858009445857 0
1616454238982 0.7797594725014839 0
1616454238996 0.7576878126928682 0
1616454239066 0.7670769153327295 0
1616454239084 0.7641772357950872 0
1616454239123 0.7754678082281723 0
1616454239125 0.7673189983081549 0
1616454239201 0.7671034767132887 0
1616454239212 0.7567668212186485 0
1616454239286 0.7600277463400387 0
1616454239348 0.7747471150620074 0
1616454239369 0.7678536147208788 0
1616454239390 0.7549953717754583 0
1616454239398 0.7554467003822395 0
1616454239400 0.7615182945413507 0
