1616454236942 0.7666666666666667 0
1616454236949 0.7666666666666667 0
1616454236970 0.7641196013289037 0
1616454236971 0.7766666666666666 0
1616454236978 0.7840531561461794 0
1616454236981 0.76 0
1616454236983 0.7574750830564784 0
1616454236987 0.770764119601329 0
1616454236993 0.7774086378737541 0
1616454237003 0.770764119601329 0
1616454237004 0.770764119601329 0
1616454237026 0.770764119601329 0
1616454237027 0.7674418604651163 0
1616454237030 0.7740863787375415 0
1616454237036 0.7740863787375415 0
1616454237065 0.770764119601329 0
1616454237090 0.770764119601329 0
1616454237100 0.770764119601329 0
1616454237103 0.7674418604651163 0
1616454237112 0.7541528239202658 0
1616454237119 0.770764119601329 0
1616454237141 0.7906976744186046 0
1616454237154 0.7740863787375415 0
1616454237172 0.7774086378737541 0
1616454237177 0.770764119601329 0
1616454237178 0.770764119601329 0
1616454237196 0.7774086378737541 0
1616454237212 0.7740863787375415 0
1616454237215 0.7674418604651163 0
1616454237259 0.7740863787375415 0
1616454237263 0.7674418604651163 0
1616454237310 0.7574750830564784 0
1616454237355 0.7774086378737541 0
1616454237386 0.760797342192691 0
1616454237405 0.7740863787375415 0
1616454237437 0.7807308970099668 0
1616454237469 0.7641196013289037 0
1616454237457 0.770764119601329 0
1616454237493 0.7674418604651163 0
1616454237509 0.7674418604651163 0
1616454237546 0.7674418604651163 0
1616454237598 0.770764119601329 0
1616454237601 0.7740863787375415 0
1616454237635 0.7774086378737541 0
1616454237637 0.7740863787375415 0
1616454237644 0.7807308970099668 0
1616454237667 0.7674418604651163 0
1616454237695 0.7674418604651163 0
1616454237702 0.770764119601329 0
1616454237729 0.770764119601329 0
1616454237744 0.7840531561461794 0
1616454237738 0.770764119601329 0
1616454237754 0.7641196013289037 0
1616454237804 0.7774086378737541 0
1616454237822 0.7641196013289037 0
1616454237834 0.7641196013289037 0
1616454237836 0.7541528239202658 0
1616454237887 0.760797342192691 0
1616454237903 0.7674418604651163 0
1616454237914 0.770764119601329 0
1616454237964 0.7774086378737541 0
1616454238072 0.7674418604651163 0
1616454238093 0.770764119601329 0
1616454238093 0.7740863787375415 0
1616454238102 0.7674418604651163 0
1616454238149 0.7774086378737541 0
1616454238211 0.7840531561461794 0
1616454238251 0.7674418604651163 0
1616454238294 0.7774086378737541 0
1616454238290 0.7641196013289037 0
1616454238309 0.7740863787375415 0
1616454238385 0.7740863787375415 0
1616454238365 0.770764119601329 0
1616454238484 0.770764119601329 0
1616454238469 0.7674418604651163 0
1616454238509 0.760797342192691 0
1616454238540 0.7740863787375415 0
1616454238575 0.7774086378737541 0
1616454238595 0.7674418604651163 0
1616454238669 0.7774086378737541 0
1616454238693 0.770764119601329 0
1616454238741 0.7641196013289037 0
1616454238725 0.760797342192691 0
1616454238775 0.770764119601329 0
1616454238814 0.7641196013289037 0
1616454238892 0.7774086378737541 0
1616454238982 0.7840531561461794 0
1616454238996 0.7641196013289037 0
1616454239066 0.7740863787375415 0
1616454239084 0.770764119601329 0
1616454239123 0.7807308970099668 0
1616454239125 0.7740863787375415 0
1616454239201 0.7740863787375415 0
1616454239212 0.7641196013289037 0
1616454239286 0.7674418604651163 0
1616454239348 0.7807308970099668 0
1616454239369 0.7740863787375415 0
1616454239390 0.760797342192691 0
1616454239398 0.7641196013289037 0
1616454239400 0.7674418604651163 0
