1616454236942 0.7688364013418252 0
1616454236949 0.7697599401367148 0
1616454236970 0.7647970478999635 0
1616454236971 0.7826424232212176 0
1616454236978 0.7863039118853072 0
1616454236981 0.7611849945183279 0
1616454236983 0.7586399670975671 0
1616454236987 0.7723009726772543 0
1616454236993 0.7784399622410494 0
1616454237003 0.7720917657609148 0
1616454237004 0.7728149580393097 0
1616454237026 0.7698287193982941 0
1616454237027 0.7678465653432817 0
1616454237030 0.7765096616768594 0
1616454237036 0.7761886655616936 0
1616454237065 0.772449226117052 0
1616454237090 0.772026383110005 0
1616454237100 0.7723303274798291 0
1616454237103 0.7709043278823766 0
1616454237112 0.7573186965758989 0
1616454237119 0.774257784186282 0
1616454237141 0.7940350332242506 0
1616454237154 0.7783178440013381 0
1616454237172 0.7790164272966481 0
1616454237177 0.7726909867584195 0
1616454237178 0.7710933524887015 0
1616454237196 0.7779013526096089 0
1616454237212 0.7751878123971148 0
1616454237215 0.7684478676877996 0
1616454237259 0.7766916057241395 0
1616454237263 0.7705908882289283 0
1616454237310 0.7599090506429756 0
1616454237355 0.7790164272966481 0
1616454237386 0.7635834976220385 0
1616454237405 0.780384334893694 0
1616454237437 0.7849327482119112 0
1616454237457 0.7724609276815309 0
1616454237469 0.7652283559364026 0
1616454237493 0.7691576446569287 0
1616454237509 0.7696433804787107 0
1616454237546 0.7695195907820492 0
1616454237598 0.7717384052575162 0
1616454237601 0.775705859766881 0
1616454237635 0.7786877494714117 0
1616454237637 0.776569822853892 0
1616454237644 0.7815330357919198 0
1616454237667 0.7711578688322874 0
1616454237695 0.7691479555935495 0
1616454237702 0.7723588184675179 0
1616454237729 0.7712605834578641 0
1616454237744 0.7863317672480927 0
1616454237738 0.7733703987150813 0
1616454237754 0.7668631741489328 0
1616454237804 0.7776401067479984 0
1616454237822 0.7672998467973766 0
1616454237834 0.7681093135476664 0
1616454237836 0.7580307791176569 0
1616454237887 0.7609138301340764 0
1616454237903 0.7688818879109109 0
1616454237914 0.7746469391500388 0
1616454237964 0.7795818287591291 0
1616454238072 0.7682453369412857 0
1616454238093 0.7763082802244147 0
1616454238093 0.7751518960821288 0
1616454238102 0.7697727152876656 0
1616454238149 0.7798056689136966 0
1616454238211 0.7860926329980664 0
1616454238251 0.7707788267460174 0
1616454238294 0.7783591938101296 0
1616454238290 0.7672402831779888 0
1616454238309 0.7748625070415128 0
1616454238365 0.7739352071577985 0
1616454238385 0.7767371056202577 0
1616454238484 0.773344601376539 0
1616454238469 0.7678898900855124 0
1616454238509 0.761955444729113 0
1616454238540 0.7763727242098439 0
1616454238575 0.7804637889469648 0
1616454238595 0.7702508532648767 0
1616454238669 0.7784119684489332 0
1616454238693 0.7727615039420836 0
1616454238741 0.7659300296278259 0
1616454238725 0.7624846381815324 0
1616454238775 0.7730463221229296 0
1616454238814 0.7660772020981262 0
1616454238892 0.7799166178099146 0
1616454238982 0.7839644040833873 0
1616454238996 0.7659480282599298 0
1616454239066 0.7762109348792482 0
1616454239084 0.772662688066926 0
1616454239123 0.7832033840162584 0
1616454239125 0.7766809049201076 0
1616454239201 0.7764752412592943 0
1616454239212 0.7665580176352806 0
1616454239286 0.7707788267460174 0
1616454239348 0.7837757265748715 0
1616454239369 0.7755186902380803 0
1616454239390 0.7619514045660055 0
1616454239398 0.767492877769593 0
1616454239400 0.7692403531322821 0
