1616454253410 0.671288523971887 0
1616454253428 0.6691587129261588 0
1616454253445 0.6705545815720249 0
1616454253445 0.6501736252776644 0
1616454253456 0.6697671676982022 0
1616454253484 0.6727001460548089 0
1616454253478 0.6673923986360791 0
1616454253585 0.6518515136023338 0
1616454253599 0.6459006359777111 0
1616454253632 0.6763969917126064 0
1616454253681 0.6607058918025963 0
1616454253695 0.6636756852793435 0
1616454253720 0.6615467779711022 0
1616454253800 0.6548015175400302 0
1616454253827 0.6528308640335715 0
1616454253835 0.6698442548604929 0
1616454253953 0.666010403919759 0
1616454253957 0.6625639337095764 0
1616454254028 0.657832631399944 0
1616454254074 0.6538041909155987 0
1616454254140 0.6579111313926587 0
1616454254143 0.6668461046527074 0
1616454254170 0.6685500801707872 0
1616454254310 0.6519962003403149 0
1616454254388 0.6630357232737527 0
1616454254414 0.6666793228919474 0
1616454254424 0.6694765999127837 0
1616454254475 0.6488705245849433 0
1616454254515 0.6430548228981312 0
1616454254648 0.6691442484737697 0
1616454254678 0.6631790279440842 0
1616454254672 0.6757383370648066 0
1616454254728 0.6610184208200575 0
1616454254769 0.666691600545048 0
1616454254866 0.6532932005333109 0
1616454254853 0.6622907046958317 0
1616454254955 0.6646380398815522 0
1616454255106 0.6518595222408197 0
1616454255174 0.6491961516685649 0
1616454255234 0.6581061759644202 0
1616454255310 0.6621223575061898 0
1616454255322 0.6439612762155286 0
1616454255408 0.6628310292212024 0
1616454255410 0.66152135962074 0
1616454255527 0.670579074361024 0
1616454255510 0.6766187386029847 0
1616454255563 0.6733589764299196 0
1616454255721 0.6634319466421414 0
1616454255783 0.6700567436276835 0
1616454255883 0.6763871243763835 0
1616454256005 0.6742373835654156 0
1616454256044 0.6520584336293324 0
1616454256028 0.6489039973981746 0
1616454256081 0.6529016202123039 0
1616454256217 0.6724381965358601 0
1616454256367 0.646678515383976 0
1616454256427 0.6569033281002966 0
1616454256463 0.6580308819119882 0
1616454256530 0.6663989643491062 0
1616454256608 0.6635366479220299 0
1616454256694 0.6592872522949973 0
1616454256745 0.6515831673487358 0
1616454256773 0.6529343940064176 0
1616454256873 0.6589696161398795 0
1616454256959 0.6652089368763231 0
1616454257003 0.6499990852623029 0
1616454257037 0.6588098645256142 0
1616454257088 0.6582436483365276 0
1616454257140 0.6607597402762878 0
1616454257194 0.6669789894106003 0
1616454257341 0.6672935345103387 0
1616454257371 0.6621525860091256 0
1616454257765 0.6712653382458487 0
1616454257837 0.6600084398847776 0
1616454257884 0.6583008365210928 0
1616454258026 0.6596110883801263 0
1616454258072 0.6583730690020421 0
1616454258069 0.6511327786099113 0
1616454258090 0.6586262330252676 0
1616454258164 0.6626872523481351 0
1616454258259 0.6698895461860477 0
1616454258435 0.6461259170287541 0
1616454258577 0.6845017874677729 0
1616454258641 0.6764518156631301 0
1616454258701 0.6703640150189285 0
1616454258771 0.6528132558697818 0
1616454258793 0.6594223053637644 0
1616454258997 0.6624490317726754 0
1616454259184 0.66354312488835 0
1616454259333 0.6655732450801908 0
1616454259338 0.6592212281963574 0
1616454259372 0.6526304265805427 0
1616454259396 0.6557624451017473 0
1616454259389 0.6567354576985396 0
1616454259415 0.6598783305466769 0
1616454259475 0.6517543883238249 0
1616454259743 0.6641884393475476 0
1616454259739 0.6593270848215976 0
1616454260104 0.6589096788886818 0
1616454260434 0.6762947304378931 0
