1616454253410 0.828908449074074 0
1616454253428 0.8229084643568019 0
1616454253445 0.8255165810513431 0
1616454253445 0.8201239432367151 0
1616454253456 0.8219370094191523 0
1616454253478 0.826564916545592 0
1616454253484 0.8235830884232047 0
1616454253585 0.8234887485853019 0
1616454253599 0.8226183491799568 0
1616454253632 0.8282244456818039 0
1616454253681 0.8330025028578573 0
1616454253695 0.8235893273885059 0
1616454253720 0.8228061196853433 0
1616454253800 0.8249824189514805 0
1616454253827 0.8273771162962367 0
1616454253835 0.826107012738718 0
1616454253953 0.8261856045140865 0
1616454253957 0.8245694525574093 0
1616454254028 0.8221616719777612 0
1616454254074 0.8200386881424533 0
1616454254140 0.8206423889926495 0
1616454254143 0.8267283878276495 0
1616454254170 0.826552015480948 0
1616454254310 0.8226177803093688 0
1616454254388 0.822736743375018 0
1616454254424 0.8246485600364113 0
1616454254414 0.8271804904975135 0
1616454254475 0.8218506309748654 0
1616454254515 0.8254977324695641 0
1616454254648 0.8286345328714695 0
1616454254672 0.8344881960079658 0
1616454254678 0.8244758629742986 0
1616454254728 0.8246235468323047 0
1616454254769 0.8206034736532235 0
1616454254866 0.82407166386405 0
1616454254853 0.8268816723388763 0
1616454254955 0.8231068346601476 0
1616454255106 0.821626621497751 0
1616454255174 0.8216868845712542 0
1616454255234 0.8214075670816439 0
1616454255310 0.8233795880044926 0
1616454255322 0.8238637578972277 0
1616454255408 0.8266810608411522 0
1616454255410 0.8204965303825956 0
1616454255527 0.8237806784426667 0
1616454255510 0.8256879658431787 0
1616454255563 0.8228999609757774 0
1616454255721 0.826752525920923 0
1616454255783 0.8303640473414557 0
1616454255883 0.8236424092460728 0
1616454256005 0.8272723020335147 0
1616454256044 0.822877562895353 0
1616454256028 0.8251573965901209 0
1616454256081 0.8226360848453872 0
1616454256217 0.8214323163826327 0
1616454256367 0.8250150737174509 0
1616454256427 0.8241251126335266 0
1616454256463 0.8251673564864995 0
1616454256530 0.8254564559645902 0
1616454256608 0.8235412837495246 0
1616454256694 0.8230510883936126 0
1616454256745 0.8217757209773986 0
1616454256773 0.8221583629033393 0
1616454256873 0.8247919227404414 0
1616454256959 0.8229568852430106 0
1616454257003 0.8228073282446903 0
1616454257037 0.8216127831314528 0
1616454257088 0.8199066413237925 0
1616454257140 0.8288714652734437 0
1616454257194 0.8271717577085587 0
1616454257341 0.8278257576376984 0
1616454257371 0.8281651021320873 0
1616454257765 0.819984313601217 0
1616454257837 0.8224037966695041 0
1616454257884 0.8266183235369282 0
1616454258026 0.8231773223595229 0
1616454258072 0.822145720765945 0
1616454258069 0.8252698142890152 0
1616454258090 0.8222381609228765 0
1616454258164 0.8248801403915826 0
1616454258259 0.8237637825605468 0
1616454258435 0.8235986811764275 0
1616454258577 0.8261664477047981 0
1616454258641 0.8258542783558809 0
1616454258701 0.8249789962944034 0
1616454258771 0.8207792364004203 0
1616454258793 0.8231374231442128 0
1616454258997 0.8231900199281286 0
1616454259184 0.8256548804340456 0
1616454259333 0.8274451148002173 0
1616454259338 0.8249685148493264 0
1616454259372 0.8225109470119198 0
1616454259396 0.8232276901259769 0
1616454259389 0.8260380963233576 0
1616454259415 0.8195970344145527 0
1616454259475 0.8223888889298316 0
1616454259743 0.8270313700134587 0
1616454259739 0.8236182440811186 0
1616454260104 0.8209553320433718 0
1616454260434 0.8214010018264508 0
