1616454253239 0.6766666666666666 0
1616454253253 0.6766666666666666 0
1616454253266 0.6766666666666666 0
1616454253301 0.6566666666666666 0
1616454253292 0.6744186046511628 0
1616454253293 0.6777408637873754 0
1616454253318 0.6710963455149501 0
1616454253432 0.6578073089700996 0
1616454253437 0.6511627906976745 0
1616454253469 0.6810631229235881 0
1616454253495 0.6644518272425249 0
1616454253534 0.6677740863787376 0
1616454253592 0.6677740863787376 0
1616454253639 0.6611295681063123 0
1616454253665 0.6578073089700996 0
1616454253701 0.6744186046511628 0
1616454253797 0.6710963455149501 0
1616454253804 0.6677740863787376 0
1616454253909 0.6644518272425249 0
1616454253933 0.6611295681063123 0
1616454253980 0.6644518272425249 0
1616454254012 0.6744186046511628 0
1616454254008 0.6710963455149501 0
1616454254150 0.6578073089700996 0
1616454254169 0.6710963455149501 0
1616454254206 0.6744186046511628 0
1616454254252 0.6677740863787376 0
1616454254287 0.654485049833887 0
1616454254317 0.6478405315614618 0
1616454254464 0.6744186046511628 0
1616454254510 0.6677740863787376 0
1616454254528 0.6810631229235881 0
1616454254568 0.6710963455149501 0
1616454254615 0.6677740863787376 0
1616454254694 0.6677740863787376 0
1616454254720 0.6578073089700996 0
1616454254783 0.6710963455149501 0
1616454254917 0.6578073089700996 0
1616454254989 0.654485049833887 0
1616454255033 0.6644518272425249 0
1616454255059 0.6677740863787376 0
1616454255093 0.6478405315614618 0
1616454255229 0.6677740863787376 0
1616454255259 0.6677740863787376 0
1616454255320 0.6777408637873754 0
1616454255361 0.6744186046511628 0
1616454255374 0.6810631229235881 0
1616454255531 0.6677740863787376 0
1616454255568 0.6744186046511628 0
1616454255668 0.6810631229235881 0
1616454255802 0.6777408637873754 0
1616454255835 0.6578073089700996 0
1616454255863 0.6578073089700996 0
1616454255866 0.654485049833887 0
1616454256041 0.6777408637873754 0
1616454256156 0.6511627906976745 0
1616454256205 0.6611295681063123 0
1616454256274 0.6611295681063123 0
1616454256313 0.6710963455149501 0
1616454256404 0.6677740863787376 0
1616454256463 0.6644518272425249 0
1616454256540 0.6578073089700996 0
1616454256584 0.6578073089700996 0
1616454256668 0.6644518272425249 0
1616454256796 0.6710963455149501 0
1616454256823 0.6644518272425249 0
1616454256852 0.654485049833887 0
1616454256912 0.6644518272425249 0
1616454256954 0.6677740863787376 0
1616454257007 0.6710963455149501 0
1616454257197 0.6677740863787376 0
1616454257201 0.6710963455149501 0
1616454257485 0.6777408637873754 0
1616454257598 0.6644518272425249 0
1616454257640 0.6644518272425249 0
1616454257790 0.654485049833887 0
1616454257782 0.6644518272425249 0
1616454257866 0.6644518272425249 0
1616454257880 0.6644518272425249 0
1616454257922 0.6677740863787376 0
1616454258034 0.6744186046511628 0
1616454258241 0.6511627906976745 0
1616454258296 0.6910299003322259 0
1616454258422 0.6810631229235881 0
1616454258465 0.6744186046511628 0
1616454258495 0.6578073089700996 0
1616454258585 0.6644518272425249 0
1616454258736 0.6677740863787376 0
1616454258912 0.6677740863787376 0
1616454259075 0.6644518272425249 0
1616454259097 0.6710963455149501 0
1616454259093 0.6644518272425249 0
1616454259122 0.6578073089700996 0
1616454259142 0.6611295681063123 0
1616454259259 0.6611295681063123 0
1616454259310 0.6578073089700996 0
1616454259539 0.6710963455149501 0
1616454259586 0.6644518272425249 0
1616454259933 0.6644518272425249 0
1616454260328 0.6810631229235881 0
