1616454253410 0.6766666666666666 0
1616454253428 0.6744186046511628 0
1616454253445 0.6766666666666666 0
1616454253445 0.6566666666666666 0
1616454253456 0.6766666666666666 0
1616454253484 0.6777408637873754 0
1616454253478 0.6710963455149501 0
1616454253584 0.6578073089700996 0
1616454253599 0.6511627906976745 0
1616454253632 0.6810631229235881 0
1616454253681 0.6644518272425249 0
1616454253695 0.6677740863787376 0
1616454253720 0.6677740863787376 0
1616454253800 0.6611295681063123 0
1616454253827 0.6578073089700996 0
1616454253835 0.6744186046511628 0
1616454253953 0.6710963455149501 0
1616454253957 0.6677740863787376 0
1616454254028 0.6644518272425249 0
1616454254074 0.6611295681063123 0
1616454254140 0.6644518272425249 0
1616454254143 0.6710963455149501 0
1616454254170 0.6744186046511628 0
1616454254310 0.6578073089700996 0
1616454254388 0.6677740863787376 0
1616454254414 0.6710963455149501 0
1616454254424 0.6744186046511628 0
1616454254475 0.654485049833887 0
1616454254515 0.6478405315614618 0
1616454254648 0.6744186046511628 0
1616454254678 0.6677740863787376 0
1616454254672 0.6810631229235881 0
1616454254728 0.6677740863787376 0
1616454254769 0.6710963455149501 0
1616454254866 0.6578073089700996 0
1616454254853 0.6677740863787376 0
1616454254955 0.6710963455149501 0
1616454255106 0.6578073089700996 0
1616454255174 0.654485049833887 0
1616454255234 0.6644518272425249 0
1616454255310 0.6677740863787376 0
1616454255322 0.6478405315614618 0
1616454255408 0.6677740863787376 0
1616454255410 0.6677740863787376 0
1616454255527 0.6744186046511628 0
1616454255510 0.6810631229235881 0
1616454255563 0.6777408637873754 0
1616454255721 0.6677740863787376 0
1616454255783 0.6744186046511628 0
1616454255883 0.6810631229235881 0
1616454256005 0.6777408637873754 0
1616454256044 0.6578073089700996 0
1616454256028 0.654485049833887 0
1616454256081 0.6578073089700996 0
1616454256217 0.6777408637873754 0
1616454256367 0.6511627906976745 0
1616454256427 0.6611295681063123 0
1616454256463 0.6611295681063123 0
1616454256530 0.6710963455149501 0
1616454256608 0.6677740863787376 0
1616454256694 0.6644518272425249 0
1616454256745 0.6578073089700996 0
1616454256773 0.6578073089700996 0
1616454256873 0.6644518272425249 0
1616454256959 0.6710963455149501 0
1616454257003 0.654485049833887 0
1616454257037 0.6644518272425249 0
1616454257088 0.6644518272425249 0
1616454257140 0.6677740863787376 0
1616454257194 0.6710963455149501 0
1616454257341 0.6710963455149501 0
1616454257371 0.6677740863787376 0
1616454257765 0.6777408637873754 0
1616454257837 0.6644518272425249 0
1616454257884 0.6644518272425249 0
1616454258026 0.6644518272425249 0
1616454258072 0.6644518272425249 0
1616454258069 0.654485049833887 0
1616454258090 0.6644518272425249 0
1616454258164 0.6677740863787376 0
1616454258259 0.6744186046511628 0
1616454258435 0.6511627906976745 0
1616454258577 0.6910299003322259 0
1616454258641 0.6810631229235881 0
1616454258701 0.6744186046511628 0
1616454258771 0.6578073089700996 0
1616454258793 0.6644518272425249 0
1616454258997 0.6677740863787376 0
1616454259184 0.6677740863787376 0
1616454259333 0.6710963455149501 0
1616454259338 0.6644518272425249 0
1616454259372 0.6578073089700996 0
1616454259396 0.6611295681063123 0
1616454259389 0.6611295681063123 0
1616454259415 0.6644518272425249 0
1616454259475 0.6578073089700996 0
1616454259743 0.6710963455149501 0
1616454259739 0.6644518272425249 0
1616454260104 0.6644518272425249 0
1616454260434 0.6810631229235881 0
