1616454253410 0.6712763770896135 0
1616454253428 0.6692555170596748 0
1616454253445 0.671329692940804 0
1616454253445 0.6509758048968576 0
1616454253456 0.6719247393846937 0
1616454253484 0.6724867879191092 0
1616454253478 0.6669311838049033 0
1616454253584 0.6518236411599997 0
1616454253599 0.6457971278979902 0
1616454253632 0.6766181077543644 0
1616454253681 0.6598394118031609 0
1616454253695 0.6633432089302452 0
1616454253720 0.6619275527248031 0
1616454253800 0.6551313913719156 0
1616454253827 0.6520395232394393 0
1616454253835 0.669933016882306 0
1616454253953 0.6657205440412477 0
1616454253957 0.6628436702649969 0
1616454254028 0.6583790226763019 0
1616454254074 0.6562138066406539 0
1616454254140 0.6585052587140471 0
1616454254143 0.6663740861682681 0
1616454254170 0.6689579853526917 0
1616454254310 0.6521175324330604 0
1616454254388 0.6626983542346966 0
1616454254414 0.6661123503376235 0
1616454254424 0.6701198799288751 0
1616454254475 0.6491664754349721 0
1616454254515 0.6427474137698188 0
1616454254648 0.668736906493372 0
1616454254678 0.662866203563878 0
1616454254672 0.6764633634881436 0
1616454254728 0.6614237073475157 0
1616454254769 0.666933491490754 0
1616454254866 0.653122846479329 0
1616454254853 0.6621008803677376 0
1616454254955 0.6653793650861024 0
1616454255106 0.6523958080112363 0
1616454255174 0.6485568566552944 0
1616454255234 0.6590685369755137 0
1616454255322 0.6434983873880705 0
1616454255310 0.662385544121222 0
1616454255408 0.6627719278487902 0
1616454255410 0.6617614397679925 0
1616454255527 0.6700852150365333 0
1616454255510 0.6765383184818168 0
1616454255563 0.6738315174516681 0
1616454255721 0.6628897730391079 0
1616454255783 0.6699843122406209 0
1616454255883 0.6766588509623773 0
1616454256005 0.6736677633254398 0
1616454256044 0.6520874085639502 0
1616454256028 0.6485013139839948 0
1616454256080 0.6529481977040085 0
1616454256217 0.6732775541762731 0
1616454256367 0.6460496756842271 0
1616454256427 0.6559347372146643 0
1616454256463 0.6576446310852574 0
1616454256530 0.6663512665610194 0
1616454256608 0.6633142402529 0
1616454256694 0.6588582747018423 0
1616454256745 0.6517963209134259 0
1616454256773 0.6519508722377209 0
1616454256873 0.659144847709926 0
1616454256959 0.6666974283253353 0
1616454257003 0.6492560510942121 0
1616454257037 0.6590609570308915 0
1616454257088 0.6593430855279545 0
1616454257139 0.661859734949436 0
1616454257194 0.666186988343296 0
1616454257341 0.6669245233014226 0
1616454257370 0.6624432522493837 0
1616454257765 0.6720444560976122 0
1616454257837 0.6599892844777782 0
1616454257884 0.6592720777272881 0
1616454258026 0.6595005984540868 0
1616454258072 0.6590322773076853 0
1616454258069 0.6502698639842472 0
1616454258090 0.6580824469683312 0
1616454258163 0.6623630418777879 0
1616454258259 0.6688575958924796 0
1616454258435 0.6460738217241961 0
1616454258577 0.6861905945194209 0
1616454258641 0.6763497927402797 0
1616454258701 0.6696514732330308 0
1616454258771 0.6525887386972925 0
1616454258793 0.6596829640947288 0
1616454258997 0.663041037336457 0
1616454259184 0.6628964461564547 0
1616454259333 0.6656226517542457 0
1616454259338 0.6593085569157838 0
1616454259372 0.6527491310860106 0
1616454259396 0.6556365550942029 0
1616454259389 0.6568829051756834 0
1616454259415 0.6599283582354718 0
1616454259475 0.6520906606349238 0
1616454259743 0.6651325918312513 0
1616454259739 0.6594988513783353 0
1616454260104 0.6595812312866577 0
1616454260434 0.6770580207201901 0
