1616454253410 0.7227064492275472 0
1616454253428 0.7335287213255117 0
1616454253445 0.7283098215835447 0
1616454253445 0.7301989527756328 0
1616454253456 0.7301514167287958 0
1616454253478 0.7272132956116787 0
1616454253484 0.7311735621696512 0
1616454253585 0.7319529073233901 0
1616454253599 0.7305688397710544 0
1616454253632 0.7246285233653367 0
1616454253681 0.7134098980401159 0
1616454253695 0.7300505637207523 0
1616454253720 0.7286533210716918 0
1616454253800 0.7277945579308122 0
1616454253827 0.7249785049408243 0
1616454253835 0.7309972217525323 0
1616454253953 0.7233527155423021 0
1616454253957 0.7280043126859549 0
1616454254028 0.7295890692947844 0
1616454254074 0.7337002372905839 0
1616454254140 0.7355988175927448 0
1616454254143 0.7282021796029924 0
1616454254170 0.7237707722948659 0
1616454254310 0.733111677291179 0
1616454254388 0.731597467297484 0
1616454254424 0.7282953351431765 0
1616454254414 0.7237105019686086 0
1616454254475 0.7356014934218612 0
1616454254515 0.7281839750320294 0
1616454254648 0.7245547902298418 0
1616454254672 0.7097669243998561 0
1616454254678 0.7311395026472896 0
1616454254728 0.7304733304422955 0
1616454254769 0.7369927805003192 0
1616454254866 0.7321620161474554 0
1616454254853 0.7246648965941483 0
1616454254955 0.7310823070155591 0
1616454255106 0.735179784083829 0
1616454255174 0.7350298512405827 0
1616454255234 0.7354295475781628 0
1616454255310 0.7299933643194918 0
1616454255322 0.7289048193332119 0
1616454255408 0.7252017637966184 0
1616454255410 0.731795833881711 0
1616454255527 0.7317172782210779 0
1616454255510 0.7291458306002143 0
1616454255563 0.7331111130789587 0
1616454255721 0.7265168876492548 0
1616454255783 0.7161191882932944 0
1616454255883 0.7336749284984326 0
1616454256005 0.7234450329605349 0
1616454256044 0.7339362084390936 0
1616454256028 0.729951349414842 0
1616454256081 0.7328215491794067 0
1616454256217 0.7304126747239743 0
1616454256367 0.7254818999580332 0
1616454256427 0.7248171479318747 0
1616454256463 0.7317427145405843 0
1616454256530 0.7243812761952146 0
1616454256608 0.7288654966408307 0
1616454256694 0.727066868507182 0
1616454256745 0.7296342826096568 0
1616454256773 0.733429765491979 0
1616454256873 0.7289505352739025 0
1616454256959 0.7338804774897019 0
1616454257003 0.7314674245578318 0
1616454257037 0.7291999383208759 0
1616454257088 0.7358914655495123 0
1616454257140 0.7226221954237967 0
1616454257194 0.7229111376627863 0
1616454257341 0.724539354775221 0
1616454257371 0.7200393397426246 0
1616454257765 0.731824605714103 0
1616454257837 0.731701575049832 0
1616454257884 0.7243536438733921 0
1616454258026 0.7335433224344451 0
1616454258072 0.7334876829767094 0
1616454258069 0.7309743139655164 0
1616454258090 0.731110240213287 0
1616454258164 0.7225633903990082 0
1616454258259 0.7262819860011748 0
1616454258435 0.7310305377708539 0
1616454258577 0.725045093823568 0
1616454258641 0.7265404557187799 0
1616454258701 0.7299001732708327 0
1616454258771 0.7373568829432353 0
1616454258793 0.7356046705293356 0
1616454258997 0.7328008514400042 0
1616454259184 0.7273387720413745 0
1616454259333 0.7172118541872482 0
1616454259338 0.7296645235461758 0
1616454259372 0.7335192097664897 0
1616454259396 0.7343999094668153 0
1616454259389 0.7284391478560962 0
1616454259415 0.7350177033164521 0
1616454259475 0.724580084631831 0
1616454259743 0.7219064645381619 0
1616454259739 0.7311674814124438 0
1616454260104 0.7342921144673551 0
1616454260434 0.7315684408420691 0
