1616454225095 0.5366666666666666 0
1616454225106 0.5366666666666666 0
1616454225111 0.5282392026578073 0
1616454225112 0.5333333333333333 0
1616454225117 0.5366666666666666 0
1616454225124 0.53156146179402 0
1616454225135 0.5348837209302325 0
1616454225143 0.53156146179402 0
1616454225151 0.53156146179402 0
1616454225156 0.5348837209302325 0
1616454225156 0.5348837209302325 0
1616454225169 0.53156146179402 0
1616454225169 0.5348837209302325 0
1616454225169 0.5282392026578073 0
1616454225187 0.5282392026578073 0
1616454225189 0.5282392026578073 0
1616454225201 0.5348837209302325 0
1616454225215 0.5348837209302325 0
1616454225222 0.53156146179402 0
1616454225233 0.5348837209302325 0
1616454225240 0.5348837209302325 0
1616454225256 0.53156146179402 0
1616454225270 0.5382059800664452 0
1616454225278 0.5348837209302325 0
1616454225292 0.53156146179402 0
1616454225304 0.53156146179402 0
1616454225316 0.53156146179402 0
1616454225326 0.53156146179402 0
1616454225341 0.53156146179402 0
1616454225351 0.53156146179402 0
1616454225377 0.5282392026578073 0
1616454225429 0.53156146179402 0
1616454225430 0.53156146179402 0
1616454225500 0.53156146179402 0
1616454225517 0.53156146179402 0
1616454225521 0.5282392026578073 0
1616454225525 0.53156146179402 0
1616454225577 0.53156146179402 0
1616454225578 0.53156146179402 0
1616454225601 0.5249169435215947 0
1616454225604 0.53156146179402 0
1616454225611 0.5348837209302325 0
1616454225623 0.5348837209302325 0
1616454225630 0.5348837209302325 0
1616454225661 0.5282392026578073 0
1616454225713 0.5282392026578073 0
1616454225716 0.5282392026578073 0
1616454225746 0.5348837209302325 0
1616454225768 0.5348837209302325 0
1616454225774 0.5282392026578073 0
1616454225788 0.5348837209302325 0
1616454225832 0.53156146179402 0
1616454225836 0.53156146179402 0
1616454225832 0.5348837209302325 0
1616454225853 0.5382059800664452 0
1616454225858 0.5348837209302325 0
1616454225913 0.5282392026578073 0
1616454225938 0.5382059800664452 0
1616454225956 0.5348837209302325 0
1616454225974 0.53156146179402 0
1616454225998 0.5348837209302325 0
1616454226017 0.5348837209302325 0
1616454226093 0.5348837209302325 0
1616454226096 0.53156146179402 0
1616454226132 0.5382059800664452 0
1616454226163 0.53156146179402 0
1616454226203 0.5282392026578073 0
1616454226215 0.53156146179402 0
1616454226263 0.5348837209302325 0
1616454226289 0.5282392026578073 0
1616454226301 0.53156146179402 0
1616454226337 0.5348837209302325 0
1616454226403 0.53156146179402 0
1616454226417 0.53156146179402 0
1616454226427 0.5348837209302325 0
1616454226424 0.5348837209302325 0
1616454226483 0.5282392026578073 0
1616454226528 0.5382059800664452 0
1616454226546 0.5348837209302325 0
1616454226595 0.5382059800664452 0
1616454226598 0.5382059800664452 0
1616454226672 0.5348837209302325 0
1616454226673 0.5382059800664452 0
1616454226726 0.5249169435215947 0
1616454226762 0.53156146179402 0
1616454226810 0.53156146179402 0
1616454226826 0.5282392026578073 0
1616454226840 0.5282392026578073 0
1616454226842 0.5282392026578073 0
1616454226884 0.5382059800664452 0
1616454226882 0.53156146179402 0
1616454226963 0.53156146179402 0
1616454227010 0.53156146179402 0
1616454227019 0.5348837209302325 0
1616454227046 0.53156146179402 0
1616454227059 0.5348837209302325 0
1616454227145 0.5348837209302325 0
1616454227148 0.53156146179402 0
1616454227176 0.5382059800664452 0
1616454227191 0.53156146179402 0
