1616454225117 0.5853957636566333 0
1616454225130 0.5887290969899666 0
1616454225131 0.5854263565891472 0
1616454225137 0.5885061315496098 0
1616454225141 0.5920624303232999 0
1616454225151 0.5856146179401994 0
1616454225159 0.5858250276854927 0
1616454225167 0.588936877076412 0
1616454225176 0.592469545957918 0
1616454225175 0.588936877076412 0
1616454225180 0.5858250276854927 0
1616454225191 0.2825575876645953 0
1616454225193 0.5891472868217054 0
1616454225193 0.2799667774086379 0
1616454225208 0.5854263565891472 0
1616454225213 0.2799667774086379 0
1616454225231 0.5858250276854927 0
1616454225243 0.588936877076412 0
1616454225246 0.5891472868217054 0
1616454225263 0.5891472868217054 0
1616454225270 0.5891472868217054 0
1616454225287 0.5856146179401994 0
1616454225300 0.5860575858250276 0
1616454225308 0.5891472868217054 0
1616454225330 0.5856146179401994 0
1616454225335 0.5856146179401994 0
1616454225348 0.5856146179401994 0
1616454225356 0.5856146179401994 0
1616454225373 0.588936877076412 0
1616454225408 0.5854263565891472 0
1616454225421 0.5856146179401994 0
1616454225459 0.588936877076412 0
1616454225474 0.5856146179401994 0
1616454225560 0.588936877076412 0
1616454225561 0.2825575876645953 0
1616454225560 0.2799667774086379 0
1616454225569 0.5856146179401994 0
1616454225632 0.588936877076412 0
1616454225644 0.5858250276854927 0
1616454225644 0.275537797596053 0
1616454225631 0.5856146179401994 0
1616454225664 0.5856146179401994 0
1616454225664 0.592469545957918 0
1616454225705 0.5854263565891472 0
1616454225717 0.5891472868217054 0
1616454225764 0.5854263565891472 0
1616454225765 0.5854263565891472 0
1616454225804 0.5854263565891472 0
1616454225805 0.5858250276854927 0
1616454225824 0.5891472868217054 0
1616454225845 0.5858250276854927 0
1616454225893 0.588936877076412 0
1616454225893 0.5856146179401994 0
1616454225912 0.5858250276854927 0
1616454225917 0.5858250276854927 0
1616454225918 0.5927021040974528 0
1616454225972 0.5854263565891472 0
1616454225995 0.5927021040974528 0
1616454226032 0.5891472868217054 0
1616454226067 0.5891472868217054 0
1616454226067 0.5856146179401994 0
1616454226073 0.5891472868217054 0
1616454226150 0.5891472868217054 0
1616454226153 0.588936877076412 0
1616454226196 0.5893798449612402 0
1616454226274 0.5854263565891472 0
1616454226274 0.5856146179401994 0
1616454226286 0.5856146179401994 0
1616454226341 0.5858250276854927 0
1616454226351 0.5854263565891472 0
1616454226382 0.5856146179401994 0
1616454226434 0.588936877076412 0
1616454226444 0.5858250276854927 0
1616454226483 0.5891472868217054 0
1616454226485 0.5858250276854927 0
1616454226504 0.5856146179401994 0
1616454226535 0.5854263565891472 0
1616454226609 0.5893798449612402 0
1616454226627 0.5858250276854927 0
1616454226675 0.5927021040974528 0
1616454226677 0.5893798449612402 0
1616454226749 0.5858250276854927 0
1616454226778 0.5860575858250276 0
1616454226788 0.27645625692137316 0
1616454226827 0.588936877076412 0
1616454226867 0.588936877076412 0
1616454226899 0.5854263565891472 0
1616454226899 0.5854263565891472 0
1616454226936 0.5854263565891472 0
1616454226945 0.5856146179401994 0
1616454226971 0.5927021040974528 0
1616454227034 0.5856146179401994 0
1616454227066 0.5856146179401994 0
1616454227095 0.5891472868217054 0
1616454227103 0.588936877076412 0
1616454227130 0.5858250276854927 0
1616454227216 0.5856146179401994 0
1616454227230 0.5891472868217054 0
1616454227230 0.5860575858250276 0
1616454227269 0.588936877076412 0
