1616454225117 0.5366666666666666 0
1616454225130 0.5366666666666666 0
1616454225131 0.5282392026578073 0
1616454225137 0.5333333333333333 0
1616454225141 0.5366666666666666 0
1616454225151 0.53156146179402 0
1616454225159 0.5348837209302325 0
1616454225167 0.53156146179402 0
1616454225176 0.5348837209302325 0
1616454225175 0.53156146179402 0
1616454225180 0.5348837209302325 0
1616454225191 0.53156146179402 0
1616454225193 0.5348837209302325 0
1616454225193 0.5282392026578073 0
1616454225208 0.5282392026578073 0
1616454225213 0.5282392026578073 0
1616454225231 0.5348837209302325 0
1616454225243 0.53156146179402 0
1616454225246 0.5348837209302325 0
1616454225263 0.5348837209302325 0
1616454225270 0.5348837209302325 0
1616454225287 0.53156146179402 0
1616454225300 0.5382059800664452 0
1616454225308 0.5348837209302325 0
1616454225330 0.53156146179402 0
1616454225335 0.53156146179402 0
1616454225348 0.53156146179402 0
1616454225356 0.53156146179402 0
1616454225373 0.53156146179402 0
1616454225421 0.53156146179402 0
1616454225408 0.5282392026578073 0
1616454225459 0.53156146179402 0
1616454225474 0.53156146179402 0
1616454225561 0.53156146179402 0
1616454225561 0.53156146179402 0
1616454225560 0.5282392026578073 0
1616454225569 0.53156146179402 0
1616454225644 0.5348837209302325 0
1616454225631 0.53156146179402 0
1616454225633 0.53156146179402 0
1616454225664 0.5348837209302325 0
1616454225664 0.53156146179402 0
1616454225644 0.5249169435215947 0
1616454225705 0.5282392026578073 0
1616454225717 0.5348837209302325 0
1616454225765 0.5282392026578073 0
1616454225764 0.5282392026578073 0
1616454225804 0.5282392026578073 0
1616454225805 0.5348837209302325 0
1616454225824 0.5348837209302325 0
1616454225845 0.5348837209302325 0
1616454225893 0.53156146179402 0
1616454225893 0.53156146179402 0
1616454225912 0.5348837209302325 0
1616454225918 0.5382059800664452 0
1616454225918 0.5348837209302325 0
1616454225972 0.5282392026578073 0
1616454225995 0.5382059800664452 0
1616454226032 0.5348837209302325 0
1616454226067 0.5348837209302325 0
1616454226067 0.53156146179402 0
1616454226073 0.5348837209302325 0
1616454226150 0.5348837209302325 0
1616454226153 0.53156146179402 0
1616454226196 0.5382059800664452 0
1616454226274 0.5282392026578073 0
1616454226274 0.53156146179402 0
1616454226286 0.53156146179402 0
1616454226341 0.5348837209302325 0
1616454226351 0.5282392026578073 0
1616454226382 0.53156146179402 0
1616454226434 0.53156146179402 0
1616454226444 0.5348837209302325 0
1616454226485 0.5348837209302325 0
1616454226483 0.5348837209302325 0
1616454226504 0.53156146179402 0
1616454226535 0.5282392026578073 0
1616454226609 0.5382059800664452 0
1616454226627 0.5348837209302325 0
1616454226675 0.5382059800664452 0
1616454226677 0.5382059800664452 0
1616454226749 0.5348837209302325 0
1616454226778 0.5382059800664452 0
1616454226788 0.5249169435215947 0
1616454226827 0.53156146179402 0
1616454226867 0.53156146179402 0
1616454226899 0.5282392026578073 0
1616454226899 0.5282392026578073 0
1616454226936 0.5282392026578073 0
1616454226945 0.53156146179402 0
1616454226971 0.5382059800664452 0
1616454227034 0.53156146179402 0
1616454227066 0.53156146179402 0
1616454227095 0.5348837209302325 0
1616454227103 0.53156146179402 0
1616454227131 0.5348837209302325 0
1616454227216 0.53156146179402 0
1616454227230 0.5348837209302325 0
1616454227230 0.5382059800664452 0
1616454227269 0.53156146179402 0
