1616454225117 0.3784162097887588 0
1616454225130 0.37841700609390294 0
1616454225131 0.3687436008004536 0
1616454225137 0.374586248454399 0
1616454225141 0.3784177852742053 0
1616454225151 0.3725427155108105 0
1616454225159 0.3763541817131302 0
1616454225167 0.37254347557924705 0
1616454225176 0.3763557183732302 0
1616454225175 0.37254347557924705 0
1616454225180 0.3763541817131302 0
1616454225191 0.36897975655984033 0
1616454225193 0.37635495830479365 0
1616454225193 0.36596964367142204 0
1616454225208 0.3687436008004536 0
1616454225213 0.36596964367142204 0
1616454225231 0.3763541817131302 0
1616454225243 0.37254347557924705 0
1616454225246 0.37635495830479365 0
1616454225263 0.37635495830479365 0
1616454225270 0.37635495830479365 0
1616454225287 0.3725427155108105 0
1616454225300 0.38017791837669174 0
1616454225308 0.37635495830479365 0
1616454225330 0.3725427155108105 0
1616454225335 0.3725427155108105 0
1616454225348 0.3725427155108105 0
1616454225356 0.3725427155108105 0
1616454225373 0.37254347557924705 0
1616454225421 0.3725427155108105 0
1616454225408 0.3687436008004536 0
1616454225459 0.37254347557924705 0
1616454225474 0.3725427155108105 0
1616454225561 0.37254347557924705 0
1616454225561 0.36897975655984033 0
1616454225560 0.36596964367142204 0
1616454225569 0.3725427155108105 0
1616454225644 0.3763541817131302 0
1616454225631 0.3725427155108105 0
1616454225633 0.37254347557924705 0
1616454225664 0.3763557183732302 0
1616454225664 0.3725427155108105 0
1616454225644 0.361380728001795 0
1616454225705 0.3687436008004536 0
1616454225717 0.37635495830479365 0
1616454225765 0.3687436008004536 0
1616454225764 0.3687436008004536 0
1616454225804 0.3687436008004536 0
1616454225805 0.3763541817131302 0
1616454225824 0.37635495830479365 0
1616454225845 0.3763541817131302 0
1616454225893 0.37254347557924705 0
1616454225893 0.3725427155108105 0
1616454225912 0.3763541817131302 0
1616454225918 0.3801794886279673 0
1616454225918 0.3763541817131302 0
1616454225972 0.3687436008004536 0
1616454225995 0.3801794886279673 0
1616454226032 0.37635495830479365 0
1616454226067 0.37635495830479365 0
1616454226067 0.3725427155108105 0
1616454226073 0.37635495830479365 0
1616454226150 0.37635495830479365 0
1616454226153 0.37254347557924705 0
1616454226196 0.3801787120363039 0
1616454226274 0.3687436008004536 0
1616454226274 0.3725427155108105 0
1616454226286 0.3725427155108105 0
1616454226341 0.3763541817131302 0
1616454226351 0.3687436008004536 0
1616454226382 0.3725427155108105 0
1616454226434 0.37254347557924705 0
1616454226444 0.3763541817131302 0
1616454226485 0.3763541817131302 0
1616454226483 0.37635495830479365 0
1616454226504 0.3725427155108105 0
1616454226535 0.3687436008004536 0
1616454226609 0.3801787120363039 0
1616454226627 0.3763541817131302 0
1616454226675 0.3801794886279673 0
1616454226677 0.3801787120363039 0
1616454226749 0.3763541817131302 0
1616454226778 0.38017791837669174 0
1616454226788 0.36216976889262864 0
1616454226827 0.37254347557924705 0
1616454226867 0.37254347557924705 0
1616454226899 0.3687436008004536 0
1616454226899 0.3687436008004536 0
1616454226936 0.3687436008004536 0
1616454226945 0.3725427155108105 0
1616454226971 0.3801794886279673 0
1616454227034 0.3725427155108105 0
1616454227066 0.3725427155108105 0
1616454227095 0.37635495830479365 0
1616454227103 0.37254347557924705 0
1616454227131 0.3763541817131302 0
1616454227216 0.3725427155108105 0
1616454227230 0.37635495830479365 0
1616454227230 0.38017791837669174 0
1616454227269 0.37254347557924705 0
