1616454183959 0.6735584446733441 0
1616454183979 0.6743235531383464 0
1616454183984 0.6732542442645311 0
1616454183987 0.6770070324427834 0
1616454183989 0.6763188074791975 0
1616454183991 0.6719483969970587 0
1616454184013 0.6778174298424222 0
1616454184014 0.6830530966419727 0
1616454184018 0.6752685457432469 0
1616454184015 0.6692102599053581 0
1616454184031 0.676748153528815 0
1616454184050 0.6680683884622897 0
1616454184039 0.6694380218782656 0
1616454184113 0.6729807732117604 0
1616454184123 0.6818763429354282 0
1616454184145 0.6794042491955252 0
1616454184151 0.6801073295223466 0
1616454184151 0.6769784351713198 0
1616454184181 0.6725345324809869 0
1616454184222 0.6758128064640961 0
1616454184263 0.6782829680330393 0
1616454184263 0.6767344873001043 0
1616454184268 0.6735193761176852 0
1616454184260 0.6782481206646824 0
1616454184295 0.6706396942003175 0
1616454184302 0.6735251453102099 0
1616454184320 0.6760212432216757 0
1616454184325 0.6732454219789643 0
1616454184337 0.6726075597886123 0
1616454184330 0.6648145686488122 0
1616454184454 0.683498166811876 0
1616454184515 0.6707351469532183 0
1616454184537 0.6736237497679798 0
1616454184552 0.6769872424911895 0
1616454184594 0.6786042734079165 0
1616454184617 0.6719873271281622 0
1616454184617 0.6773697987026319 0
1616454184626 0.6783310915727823 0
1616454184694 0.6715506250720437 0
1616454184701 0.6762442605676914 0
1616454184717 0.6769206760919918 0
1616454184728 0.6789882218033951 0
1616454184756 0.6777587984047502 0
1616454184754 0.6765731781946607 0
1616454184837 0.675509648173474 0
1616454184852 0.6699547168886347 0
1616454184860 0.6805330713212919 0
1616454184860 0.6678503483932686 0
1616454184984 0.6697670147407556 0
1616454185045 0.6759517568374432 0
1616454185060 0.6707447421708977 0
1616454185062 0.6766009966300444 0
1616454185134 0.6728700837589412 0
1616454185163 0.6766483708064663 0
1616454185189 0.6678519462114757 0
1616454185208 0.6721914541088009 0
1616454185202 0.6724137043825584 0
1616454185238 0.6728209326573288 0
1616454185320 0.6819160817548666 0
1616454185330 0.6707735635955908 0
1616454185477 0.6779598291010207 0
1616454185484 0.6768482130013775 0
1616454185507 0.6800049272324622 0
1616454185598 0.6731521246131457 0
1616454185655 0.6691431494340521 0
1616454185653 0.6792883625824864 0
1616454185725 0.6721868606728494 0
1616454185726 0.6687560531637471 0
1616454185734 0.6784448569774751 0
1616454185797 0.6800285364275052 0
1616454185849 0.6756367972103309 0
1616454185856 0.6764805607973469 0
1616454185838 0.6767645249753766 0
1616454185935 0.6759196785318746 0
1616454185967 0.6722424531498822 0
1616454186034 0.6717090363885863 0
1616454186118 0.6751443396962706 0
1616454186144 0.6748674404713557 0
1616454186174 0.6784728763718584 0
1616454186183 0.677777410719547 0
1616454186347 0.6771734955394985 0
1616454186357 0.6797880257431826 0
1616454186370 0.6800826812583326 0
1616454186420 0.6762142587340558 0
1616454186419 0.6762785946275491 0
1616454186552 0.6746310060481373 0
1616454186571 0.6795047607602851 0
1616454186653 0.6698718772313238 0
1616454186647 0.682377835553355 0
1616454186668 0.6802563967000868 0
1616454186706 0.6700201524210785 0
1616454186710 0.6769012460381999 0
1616454186739 0.6734658396752163 0
1616454186768 0.6789486683138748 0
1616454186918 0.6692340852674553 0
1616454186935 0.6754011865358631 0
1616454187030 0.6788522784820531 0
1616454187174 0.6787567354810843 0
1616454187231 0.6767450417953024 0
1616454187339 0.6804444179004204 0
