1616454183959 0.6848837209302325 0
1616454183979 0.686046511627907 0
1616454183984 0.6848837209302325 0
1616454183987 0.6883720930232559 0
1616454183989 0.6872093023255814 0
1616454183991 0.6837209302325581 0
1616454184013 0.6883720930232559 0
1616454184014 0.6930232558139535 0
1616454184018 0.686046511627907 0
1616454184015 0.6813953488372093 0
1616454184031 0.6872093023255814 0
1616454184050 0.6790697674418604 0
1616454184039 0.6813953488372093 0
1616454184113 0.6848837209302325 0
1616454184123 0.6918604651162791 0
1616454184145 0.6895348837209302 0
1616454184151 0.6906976744186046 0
1616454184151 0.6872093023255814 0
1616454184181 0.6813953488372093 0
1616454184222 0.6872093023255814 0
1616454184263 0.6883720930232559 0
1616454184263 0.6883720930232559 0
1616454184268 0.6848837209302325 0
1616454184260 0.6883720930232559 0
1616454184295 0.6825581395348838 0
1616454184302 0.6848837209302325 0
1616454184320 0.6872093023255814 0
1616454184325 0.6813953488372093 0
1616454184337 0.6848837209302325 0
1616454184330 0.6779069767441861 0
1616454184454 0.6941860465116279 0
1616454184515 0.6825581395348838 0
1616454184537 0.6848837209302325 0
1616454184552 0.6872093023255814 0
1616454184594 0.6895348837209302 0
1616454184617 0.6837209302325581 0
1616454184617 0.6883720930232559 0
1616454184626 0.6895348837209302 0
1616454184694 0.6825581395348838 0
1616454184701 0.6872093023255814 0
1616454184717 0.6883720930232559 0
1616454184728 0.6895348837209302 0
1616454184756 0.6883720930232559 0
1616454184754 0.6837209302325581 0
1616454184837 0.686046511627907 0
1616454184852 0.6825581395348838 0
1616454184860 0.6906976744186046 0
1616454184860 0.6813953488372093 0
1616454184984 0.6825581395348838 0
1616454185045 0.686046511627907 0
1616454185060 0.6813953488372093 0
1616454185062 0.6872093023255814 0
1616454185134 0.6848837209302325 0
1616454185163 0.6872093023255814 0
1616454185189 0.6802325581395349 0
1616454185208 0.6825581395348838 0
1616454185202 0.6837209302325581 0
1616454185238 0.6848837209302325 0
1616454185320 0.6918604651162791 0
1616454185330 0.6825581395348838 0
1616454185477 0.6883720930232559 0
1616454185484 0.6883720930232559 0
1616454185507 0.6906976744186046 0
1616454185598 0.6848837209302325 0
1616454185655 0.6802325581395349 0
1616454185653 0.6895348837209302 0
1616454185725 0.6837209302325581 0
1616454185726 0.6813953488372093 0
1616454185734 0.6883720930232559 0
1616454185797 0.6898954703832753 0
1616454185849 0.6875725900116144 0
1616454185856 0.686411149825784 0
1616454185838 0.6875725900116144 0
1616454185935 0.6875725900116144 0
1616454185967 0.6829268292682927 0
1616454186034 0.6840882694541232 0
1616454186118 0.686411149825784 0
1616454186144 0.686411149825784 0
1616454186174 0.6887340301974448 0
1616454186183 0.6852497096399536 0
1616454186347 0.6875725900116144 0
1616454186357 0.6898954703832753 0
1616454186370 0.6898954703832753 0
1616454186420 0.686411149825784 0
1616454186419 0.686411149825784 0
1616454186552 0.6852497096399536 0
1616454186571 0.6898954703832753 0
1616454186647 0.6922183507549361 0
1616454186653 0.6817653890824622 0
1616454186668 0.6910569105691057 0
1616454186706 0.6817653890824622 0
1616454186710 0.6875725900116144 0
1616454186739 0.6852497096399536 0
1616454186768 0.6898954703832753 0
1616454186918 0.6817653890824622 0
1616454186935 0.686411149825784 0
1616454187030 0.6898954703832753 0
1616454187174 0.6887340301974448 0
1616454187231 0.6875725900116144 0
1616454187339 0.6910569105691057 0
