1616454183959 0.724702996845614 0
1616454183979 0.7257998232917104 0
1616454183984 0.7245262688364421 0
1616454183987 0.7286001110591364 0
1616454183989 0.7289092453170066 0
1616454183991 0.7249759157789686 0
1616454184013 0.7281659195978134 0
1616454184014 0.7310152960390424 0
1616454184018 0.7235668245613419 0
1616454184015 0.7233301468614917 0
1616454184031 0.7268867892252393 0
1616454184050 0.720794430216316 0
1616454184039 0.7198507233662048 0
1616454184113 0.7231680088843094 0
1616454184123 0.7319869703505408 0
1616454184145 0.7304544168535594 0
1616454184151 0.7330857652548248 0
1616454184151 0.7294029657542223 0
1616454184181 0.7141267644994499 0
1616454184222 0.7274966586356753 0
1616454184263 0.72702941178975 0
1616454184263 0.7303342843810745 0
1616454184268 0.7247439257310803 0
1616454184260 0.7270894722460023 0
1616454184302 0.727952114220924 0
1616454184295 0.7260897872966986 0
1616454184320 0.725282585192939 0
1616454184325 0.7174797441253079 0
1616454184337 0.7274502461211206 0
1616454184330 0.7174929153533803 0
1616454184454 0.7348224635270135 0
1616454184515 0.7201765496508632 0
1616454184537 0.7237422391321044 0
1616454184552 0.7264657320344478 0
1616454184594 0.7300674345144553 0
1616454184617 0.7236671441645319 0
1616454184617 0.7252789021970807 0
1616454184626 0.729035636520214 0
1616454184693 0.723599872463882 0
1616454184701 0.7255990375270196 0
1616454184717 0.7302703874891686 0
1616454184728 0.7275301352741667 0
1616454184756 0.7262435956150481 0
1616454184754 0.7158232870739164 0
1616454184837 0.729666923973042 0
1616454184852 0.7246400123949729 0
1616454184860 0.7297632765355822 0
1616454184860 0.7206691322616209 0
1616454184984 0.7234616294731738 0
1616454185045 0.7214380204492011 0
1616454185060 0.7213985543344669 0
1616454185062 0.728196637090074 0
1616454185134 0.7263353363188326 0
1616454185163 0.7266398264702091 0
1616454185188 0.7182525975594862 0
1616454185208 0.7188164940951346 0
1616454185202 0.7240128075379146 0
1616454185238 0.7266159023790505 0
1616454185320 0.7327655161150484 0
1616454185330 0.7223110079923729 0
1616454185477 0.7265723734256653 0
1616454185484 0.7267577710051283 0
1616454185507 0.728731902577513 0
1616454185598 0.7251471108880349 0
1616454185655 0.7175361870364356 0
1616454185653 0.7288021872171044 0
1616454185725 0.725480059150766 0
1616454185726 0.7240065460132012 0
1616454185734 0.7283563290477926 0
1616454185797 0.7286638202732769 0
1616454185849 0.7271203834909673 0
1616454185856 0.7250387874686739 0
1616454185838 0.7266179403229345 0
1616454185935 0.7285555202631742 0
1616454185967 0.7196370220520748 0
1616454186034 0.7261603677023637 0
1616454186118 0.7259127543754481 0
1616454186144 0.7261054560287248 0
1616454186183 0.7218251504838764 0
1616454186174 0.7264397468392413 0
1616454186347 0.7269548913590724 0
1616454186357 0.72807904284641 0
1616454186370 0.7269038978969621 0
1616454186420 0.7241195212688198 0
1616454186419 0.725997116327245 0
1616454186552 0.7256913289596216 0
1616454186571 0.7292229836123064 0
1616454186647 0.7367042506336734 0
1616454186653 0.724543675577127 0
1616454186668 0.7292812982013737 0
1616454186706 0.7220715026504321 0
1616454186710 0.7292089028810056 0
1616454186739 0.724568568948598 0
1616454186768 0.7296043133404823 0
1616454186918 0.7230969881308872 0
1616454186934 0.7268483320719094 0
1616454187030 0.7295426396482315 0
1616454187174 0.727163311821686 0
1616454187231 0.7262687744362383 0
1616454187339 0.7275988569988792 0
