1616454183753 0.6872093023255814 0
1616454183757 0.686046511627907 0
1616454183758 0.6837209302325581 0
1616454183761 0.6848837209302325 0
1616454183786 0.6872093023255814 0
1616454183789 0.6930232558139535 0
1616454183790 0.6813953488372093 0
1616454183792 0.6883720930232559 0
1616454183797 0.686046511627907 0
1616454183800 0.6848837209302325 0
1616454183803 0.6883720930232559 0
1616454183802 0.6813953488372093 0
1616454183827 0.6872093023255814 0
1616454183836 0.6790697674418604 0
1616454183841 0.6848837209302325 0
1616454183883 0.6918604651162791 0
1616454183892 0.6883720930232559 0
1616454183900 0.6895348837209302 0
1616454183907 0.6813953488372093 0
1616454183911 0.6906976744186046 0
1616454183932 0.6872093023255814 0
1616454183955 0.6848837209302325 0
1616454183963 0.6813953488372093 0
1616454183966 0.6825581395348838 0
1616454183980 0.6779069767441861 0
1616454183982 0.6883720930232559 0
1616454183985 0.6883720930232559 0
1616454183998 0.6848837209302325 0
1616454184025 0.6848837209302325 0
1616454184068 0.6941860465116279 0
1616454184069 0.6872093023255814 0
1616454184171 0.6825581395348838 0
1616454184183 0.6872093023255814 0
1616454184206 0.6895348837209302 0
1616454184216 0.6848837209302325 0
1616454184228 0.6895348837209302 0
1616454184231 0.6837209302325581 0
1616454184260 0.6883720930232559 0
1616454184286 0.6872093023255814 0
1616454184298 0.6837209302325581 0
1616454184328 0.6825581395348838 0
1616454184329 0.6895348837209302 0
1616454184381 0.6883720930232559 0
1616454184388 0.6883720930232559 0
1616454184436 0.6906976744186046 0
1616454184453 0.6825581395348838 0
1616454184469 0.6813953488372093 0
1616454184479 0.686046511627907 0
1616454184556 0.6825581395348838 0
1616454184563 0.6813953488372093 0
1616454184599 0.6872093023255814 0
1616454184599 0.686046511627907 0
1616454184631 0.6872093023255814 0
1616454184669 0.6802325581395349 0
1616454184714 0.6825581395348838 0
1616454184733 0.6848837209302325 0
1616454184737 0.6837209302325581 0
1616454184773 0.6848837209302325 0
1616454184762 0.6918604651162791 0
1616454184812 0.6825581395348838 0
1616454184936 0.6883720930232559 0
1616454184962 0.6906976744186046 0
1616454184949 0.6883720930232559 0
1616454185029 0.6848837209302325 0
1616454185078 0.6895348837209302 0
1616454185082 0.6802325581395349 0
1616454185151 0.6837209302325581 0
1616454185174 0.6883720930232559 0
1616454185191 0.6813953488372093 0
1616454185236 0.6898954703832753 0
1616454185288 0.6875725900116144 0
1616454185309 0.6875725900116144 0
1616454185313 0.686411149825784 0
1616454185397 0.6875725900116144 0
1616454185484 0.6829268292682927 0
1616454185492 0.6840882694541232 0
1616454185548 0.686411149825784 0
1616454185607 0.686411149825784 0
1616454185628 0.6852497096399536 0
1616454185638 0.6887340301974448 0
1616454185702 0.6875725900116144 0
1616454185731 0.6898954703832753 0
1616454185825 0.686411149825784 0
1616454185831 0.6898954703832753 0
1616454185920 0.686411149825784 0
1616454185964 0.6922183507549361 0
1616454185963 0.6817653890824622 0
1616454186000 0.6852497096399536 0
1616454186005 0.6898954703832753 0
1616454186093 0.6910569105691057 0
1616454186164 0.6875725900116144 0
1616454186174 0.6817653890824622 0
1616454186270 0.6852497096399536 0
1616454186305 0.6817653890824622 0
1616454186347 0.6898954703832753 0
1616454186411 0.6898954703832753 0
1616454186479 0.686411149825784 0
1616454186544 0.6887340301974448 0
1616454186616 0.6875725900116144 0
1616454186622 0.6910569105691057 0
