1616454266157 0.8702922045589152 0
1616454266165 0.8811930279928185 0
1616454266177 0.8781334944125642 0
1616454266177 0.8681908481176097 0
1616454266179 0.8740625728047505 0
1616454266182 0.864202954085307 0
1616454266205 0.8752976495290596 0
1616454266206 0.8676176754427438 0
1616454266207 0.8685141451742739 0
1616454266211 0.881625557762923 0
1616454266220 0.8718741945686612 0
1616454266228 0.8886710650067328 0
1616454266243 0.8681546833848919 0
1616454266247 0.881047468288892 0
1616454266258 0.8783012741213068 0
1616454266269 0.8752172528123027 0
1616454266282 0.8747799721074807 0
1616454266288 0.8786842110365017 0
1616454266311 0.8681702635458973 0
1616454266328 0.8750416455766439 0
1616454266336 0.8648948168691755 0
1616454266338 0.8754574685565659 0
1616454266345 0.878135677957892 0
1616454266363 0.8714064004108426 0
1616454266393 0.8680804438866883 0
1616454266395 0.8710686640620569 0
1616454266418 0.8749452887786102 0
1616454266427 0.8749452887786102 0
1616454266431 0.8780386730630106 0
1616454266462 0.8714437505815642 0
1616454266496 0.8784158615754446 0
1616454266565 0.8676753165125259 0
1616454266568 0.8749534183400071 0
1616454266556 0.8682624353312306 0
1616454266588 0.8685834827314866 0
1616454266611 0.8746876582747103 0
1616454266637 0.8779516975734051 0
1616454266633 0.8718987324246348 0
1616454266661 0.878135677957892 0
1616454266677 0.8745886727464092 0
1616454266683 0.8646044346395949 0
1616454266762 0.8717785391363424 0
1616454266778 0.8682781727031391 0
1616454266772 0.878144544054924 0
1616454266829 0.8746519141474066 0
1616454266819 0.8749213728290124 0
1616454266848 0.8818511820144355 0
1616454266865 0.8809944269820592 0
1616454266874 0.8713355069311933 0
1616454266871 0.8680074564651951 0
1616454266917 0.8583831234488463 0
1616454266958 0.871609785563274 0
1616454266972 0.8777985052015438 0
1616454266999 0.8752276559414907 0
1616454267043 0.8747799721074807 0
1616454267060 0.8714833819640176 0
1616454267074 0.8779846819313656 0
1616454267149 0.8777655069183308 0
1616454267145 0.8749534183400071 0
1616454267175 0.8809116644590265 0
1616454267189 0.8822429674200367 0
1616454267282 0.8681702635458973 0
1616454267358 0.8711096064337874 0
1616454267362 0.871609785563274 0
1616454267429 0.8714624943644155 0
1616454267441 0.8713169709924713 0
1616454267448 0.8777914699107163 0
1616454267468 0.8680291846702078 0
1616454267486 0.8680291846702078 0
1616454267513 0.8715981412815258 0
1616454267543 0.8747799721074807 0
1616454267608 0.8679708807660582 0
1616454267618 0.8682781727031391 0
1616454267671 0.8782693574882476 0
1616454267747 0.8781225778984255 0
1616454267751 0.8745430771160231 0
1616454267813 0.8712893598816026 0
1616454267910 0.8808852688787951 0
1616454267943 0.8678822043685389 0
1616454267951 0.8678569773195798 0
1616454267973 0.8746159191821703 0
1616454268016 0.8747654066704521 0
1616454268085 0.8682781727031391 0
1616454268085 0.8714250548535466 0
1616454268119 0.8752276559414907 0
1616454268191 0.8749534183400071 0
1616454268213 0.8778226693698075 0
1616454268214 0.8714624943644155 0
1616454268232 0.8785071465863272 0
1616454268235 0.8681702635458973 0
1616454268228 0.871609785563274 0
1616454268232 0.8820160544711443 0
1616454268295 0.8679708807660582 0
1616454268359 0.8746303759152275 0
1616454268362 0.8681702635458973 0
1616454268367 0.87456839868736 0
1616454268432 0.877536572201118 0
1616454268447 0.8714437505815642 0
1616454268522 0.8681702635458973 0
1616454268507 0.8771632798849418 0
