1616454266157 0.8733333333333333 0
1616454266165 0.8833333333333333 0
1616454266177 0.8803986710963455 0
1616454266177 0.8704318936877077 0
1616454266179 0.8766666666666667 0
1616454266182 0.8666666666666667 0
1616454266205 0.8770764119601329 0
1616454266206 0.8704318936877077 0
1616454266207 0.8704318936877077 0
1616454266211 0.8837209302325582 0
1616454266220 0.8737541528239202 0
1616454266228 0.8903654485049833 0
1616454266243 0.8704318936877077 0
1616454266247 0.8837209302325582 0
1616454266258 0.8803986710963455 0
1616454266269 0.8770764119601329 0
1616454266282 0.8770764119601329 0
1616454266288 0.8803986710963455 0
1616454266311 0.8704318936877077 0
1616454266328 0.8770764119601329 0
1616454266336 0.867109634551495 0
1616454266338 0.8770764119601329 0
1616454266345 0.8803986710963455 0
1616454266363 0.8737541528239202 0
1616454266393 0.8704318936877077 0
1616454266395 0.8737541528239202 0
1616454266418 0.8770764119601329 0
1616454266427 0.8770764119601329 0
1616454266431 0.8803986710963455 0
1616454266462 0.8737541528239202 0
1616454266496 0.8803986710963455 0
1616454266565 0.8704318936877077 0
1616454266568 0.8770764119601329 0
1616454266556 0.8704318936877077 0
1616454266588 0.8704318936877077 0
1616454266611 0.8770764119601329 0
1616454266637 0.8803986710963455 0
1616454266633 0.8737541528239202 0
1616454266661 0.8803986710963455 0
1616454266677 0.8770764119601329 0
1616454266683 0.867109634551495 0
1616454266762 0.8737541528239202 0
1616454266778 0.8704318936877077 0
1616454266772 0.8803986710963455 0
1616454266829 0.8770764119601329 0
1616454266819 0.8770764119601329 0
1616454266848 0.8837209302325582 0
1616454266865 0.8837209302325582 0
1616454266874 0.8737541528239202 0
1616454266871 0.8704318936877077 0
1616454266917 0.8604651162790697 0
1616454266958 0.8737541528239202 0
1616454266972 0.8803986710963455 0
1616454266999 0.8770764119601329 0
1616454267043 0.8770764119601329 0
1616454267060 0.8737541528239202 0
1616454267074 0.8803986710963455 0
1616454267149 0.8803986710963455 0
1616454267145 0.8770764119601329 0
1616454267175 0.8837209302325582 0
1616454267189 0.8837209302325582 0
1616454267282 0.8704318936877077 0
1616454267358 0.8737541528239202 0
1616454267362 0.8737541528239202 0
1616454267429 0.8737541528239202 0
1616454267441 0.8737541528239202 0
1616454267448 0.8803986710963455 0
1616454267468 0.8704318936877077 0
1616454267486 0.8704318936877077 0
1616454267513 0.8737541528239202 0
1616454267543 0.8770764119601329 0
1616454267608 0.8704318936877077 0
1616454267618 0.8704318936877077 0
1616454267671 0.8803986710963455 0
1616454267747 0.8803986710963455 0
1616454267751 0.8770764119601329 0
1616454267813 0.8737541528239202 0
1616454267910 0.8837209302325582 0
1616454267943 0.8704318936877077 0
1616454267951 0.8704318936877077 0
1616454267973 0.8770764119601329 0
1616454268016 0.8770764119601329 0
1616454268085 0.8704318936877077 0
1616454268085 0.8737541528239202 0
1616454268119 0.8770764119601329 0
1616454268191 0.8770764119601329 0
1616454268213 0.8803986710963455 0
1616454268214 0.8737541528239202 0
1616454268232 0.8803986710963455 0
1616454268235 0.8704318936877077 0
1616454268228 0.8737541528239202 0
1616454268232 0.8837209302325582 0
1616454268295 0.8704318936877077 0
1616454268359 0.8770764119601329 0
1616454268362 0.8704318936877077 0
1616454268367 0.8770764119601329 0
1616454268432 0.8803986710963455 0
1616454268447 0.8737541528239202 0
1616454268522 0.8704318936877077 0
1616454268507 0.8803986710963455 0
