1616454266157 0.8768281534546596 0
1616454266165 0.8849460691239457 0
1616454266177 0.8821472285364573 0
1616454266177 0.8740614879304796 0
1616454266179 0.8800030959752322 0
1616454266182 0.8675008187378129 0
1616454266205 0.8776534359153697 0
1616454266206 0.8729704369720587 0
1616454266207 0.8712383684035534 0
1616454266211 0.885643164235363 0
1616454266220 0.8755286852115122 0
1616454266227 0.8904833985334881 0
1616454266243 0.8724667560916674 0
1616454266247 0.8862975204547157 0
1616454266257 0.8822224621142024 0
1616454266269 0.8786792562802354 0
1616454266282 0.8789783303533737 0
1616454266288 0.8808318318382807 0
1616454266311 0.8725052982465921 0
1616454266328 0.8787976460845621 0
1616454266336 0.8706145053378413 0
1616454266338 0.8776884070641721 0
1616454266345 0.8826644207741698 0
1616454266363 0.8758136355688376 0
1616454266393 0.8728142947314492 0
1616454266395 0.8767353157531517 0
1616454266418 0.8789077742677597 0
1616454266427 0.8789077742677597 0
1616454266431 0.8820621635799114 0
1616454266462 0.8759044404936255 0
1616454266496 0.8819761740042726 0
1616454266565 0.8741782763103499 0
1616454266568 0.8789295460352601 0
1616454266556 0.8725852044156595 0
1616454266588 0.8724363101594038 0
1616454266611 0.8788981331757819 0
1616454266637 0.881111494118525 0
1616454266633 0.8744965609799927 0
1616454266661 0.8826644207741698 0
1616454266677 0.8780111467632895 0
1616454266683 0.8692724926285696 0
1616454266762 0.875420888641901 0
1616454266778 0.8726241370193263 0
1616454266772 0.8821760283060592 0
1616454266819 0.8791346431855083 0
1616454266829 0.8793361613470427 0
1616454266848 0.8852346222650338 0
1616454266865 0.8861741372525466 0
1616454266874 0.8757838374518406 0
1616454266871 0.871472686629062 0
1616454266917 0.863055890339486 0
1616454266958 0.8757358512560469 0
1616454266972 0.8826703340694816 0
1616454266999 0.878705656069037 0
1616454267043 0.8789783303533737 0
1616454267060 0.8768561197749006 0
1616454267074 0.8823539334063528 0
1616454267149 0.8821114802510153 0
1616454267145 0.8789295460352601 0
1616454267175 0.8861090538064428 0
1616454267189 0.8849913239087456 0
1616454267282 0.8725052982465921 0
1616454267358 0.8747957934703868 0
1616454267362 0.8757358512560469 0
1616454267429 0.8759501273703221 0
1616454267441 0.8757387511816568 0
1616454267448 0.884147232787359 0
1616454267468 0.8715234955683488 0
1616454267486 0.8715234955683488 0
1616454267513 0.8757060308966034 0
1616454267543 0.8789783303533737 0
1616454267608 0.8726899518343768 0
1616454267618 0.8726241370193263 0
1616454267671 0.8821018580607672 0
1616454267747 0.8821187636478975 0
1616454267751 0.8792130198705981 0
1616454267813 0.8762961664724239 0
1616454267910 0.8860478419486933 0
1616454267943 0.872534895614351 0
1616454267951 0.8725613294466181 0
1616454267973 0.8794612339730496 0
1616454268016 0.8789417883029659 0
1616454268085 0.8726241370193263 0
1616454268085 0.8758589480738961 0
1616454268119 0.878705656069037 0
1616454268191 0.8789295460352601 0
1616454268213 0.8827273862699636 0
1616454268214 0.8759501273703221 0
1616454268232 0.882078951204033 0
1616454268235 0.8725052982465921 0
1616454268228 0.8757358512560469 0
1616454268232 0.8840109077641004 0
1616454268295 0.8726899518343768 0
1616454268359 0.8792843976172195 0
1616454268362 0.8725052982465921 0
1616454268367 0.8779631555293144 0
1616454268432 0.8831431439947431 0
1616454268447 0.8759044404936255 0
1616454268522 0.8725052982465921 0
1616454268507 0.8847286200633112 0
