1616454266142 0.8733333333333333 0
1616454266148 0.8833333333333333 0
1616454266160 0.8704318936877077 0
1616454266162 0.8766666666666667 0
1616454266162 0.8803986710963455 0
1616454266165 0.8666666666666667 0
1616454266188 0.8770764119601329 0
1616454266189 0.8704318936877077 0
1616454266189 0.8704318936877077 0
1616454266194 0.8837209302325582 0
1616454266203 0.8737541528239202 0
1616454266210 0.8903654485049833 0
1616454266221 0.8704318936877077 0
1616454266229 0.8837209302325582 0
1616454266242 0.8803986710963455 0
1616454266254 0.8770764119601329 0
1616454266260 0.8770764119601329 0
1616454266264 0.8803986710963455 0
1616454266285 0.8704318936877077 0
1616454266302 0.8770764119601329 0
1616454266311 0.867109634551495 0
1616454266320 0.8803986710963455 0
1616454266320 0.8770764119601329 0
1616454266336 0.8737541528239202 0
1616454266367 0.8704318936877077 0
1616454266370 0.8737541528239202 0
1616454266387 0.8770764119601329 0
1616454266399 0.8770764119601329 0
1616454266406 0.8803986710963455 0
1616454266425 0.8737541528239202 0
1616454266463 0.8803986710963455 0
1616454266517 0.8770764119601329 0
1616454266526 0.8704318936877077 0
1616454266527 0.8704318936877077 0
1616454266536 0.8704318936877077 0
1616454266559 0.8770764119601329 0
1616454266581 0.8737541528239202 0
1616454266598 0.8803986710963455 0
1616454266616 0.8770764119601329 0
1616454266637 0.8803986710963455 0
1616454266658 0.867109634551495 0
1616454266719 0.8737541528239202 0
1616454266725 0.8803986710963455 0
1616454266737 0.8704318936877077 0
1616454266767 0.8770764119601329 0
1616454266776 0.8770764119601329 0
1616454266798 0.8837209302325582 0
1616454266802 0.8837209302325582 0
1616454266822 0.8737541528239202 0
1616454266834 0.8704318936877077 0
1616454266879 0.8604651162790697 0
1616454266893 0.8737541528239202 0
1616454266920 0.8803986710963455 0
1616454266947 0.8770764119601329 0
1616454266988 0.8770764119601329 0
1616454267008 0.8737541528239202 0
1616454267036 0.8803986710963455 0
1616454267089 0.8770764119601329 0
1616454267103 0.8803986710963455 0
1616454267136 0.8837209302325582 0
1616454267138 0.8837209302325582 0
1616454267230 0.8704318936877077 0
1616454267286 0.8737541528239202 0
1616454267287 0.8737541528239202 0
1616454267357 0.8737541528239202 0
1616454267369 0.8803986710963455 0
1616454267375 0.8704318936877077 0
1616454267378 0.8737541528239202 0
1616454267441 0.8704318936877077 0
1616454267452 0.8737541528239202 0
1616454267493 0.8770764119601329 0
1616454267553 0.8704318936877077 0
1616454267542 0.8704318936877077 0
1616454267608 0.8803986710963455 0
1616454267670 0.8770764119601329 0
1616454267685 0.8803986710963455 0
1616454267729 0.8737541528239202 0
1616454267830 0.8837209302325582 0
1616454267891 0.8704318936877077 0
1616454267900 0.8704318936877077 0
1616454267893 0.8770764119601329 0
1616454267981 0.8770764119601329 0
1616454267992 0.8704318936877077 0
1616454268022 0.8737541528239202 0
1616454268040 0.8770764119601329 0
1616454268108 0.8770764119601329 0
1616454268153 0.8803986710963455 0
1616454268159 0.8803986710963455 0
1616454268160 0.8704318936877077 0
1616454268162 0.8737541528239202 0
1616454268167 0.8737541528239202 0
1616454268167 0.8837209302325582 0
1616454268215 0.8704318936877077 0
1616454268285 0.8704318936877077 0
1616454268292 0.8770764119601329 0
1616454268314 0.8770764119601329 0
1616454268359 0.8803986710963455 0
1616454268409 0.8737541528239202 0
1616454268439 0.8704318936877077 0
1616454268446 0.8803986710963455 0
