1616454189772 0.7225657678368428 0
1616454189898 0.7351511244609745 0
1616454189911 0.725478601508087 0
1616454189917 0.7205995997858375 0
1616454189993 0.7199629720530947 0
1616454190009 0.7201126276156116 0
1616454190058 0.7274574586295606 0
1616454190097 0.7298675962818367 0
1616454190163 0.7150741872044678 0
1616454190344 0.7189601591581198 0
1616454190359 0.7217142940261738 0
1616454190382 0.7345910873406716 0
1616454190411 0.7348169794217067 0
1616454190459 0.7260854935036769 0
1616454190463 0.7286763823503433 0
1616454190485 0.7302924669789513 0
1616454190509 0.7319291550160373 0
1616454190540 0.7236371467170808 0
1616454190579 0.7224130919996119 0
1616454190618 0.7212646919583627 0
1616454190693 0.7273823379415012 0
1616454190793 0.7287354589550287 0
1616454190807 0.7226685496439014 0
1616454190836 0.7206929965249932 0
1616454190880 0.7254673676976194 0
1616454190873 0.7326062896349028 0
1616454190946 0.7268215140864868 0
1616454191001 0.7227065135776014 0
1616454191073 0.724400447656065 0
1616454191260 0.7175632176972613 0
1616454191540 0.720743883956592 0
1616454191545 0.7271224038235323 0
1616454191620 0.728982631271694 0
1616454191626 0.7229962676251833 0
1616454191698 0.7199181100968972 0
1616454191732 0.7334750359242898 0
1616454191745 0.7225102792616681 0
1616454191800 0.7213407300723973 0
1616454191804 0.7255193268986884 0
1616454191825 0.7316766484440405 0
1616454191809 0.7258299001731761 0
1616454191812 0.7210931413111848 0
1616454191847 0.7255709028147812 0
1616454191903 0.7275460781228902 0
1616454191931 0.7251555644905623 0
1616454191919 0.7294476805629572 0
1616454192016 0.7342034796009734 0
1616454192057 0.7325658709310621 0
1616454192108 0.7200871831407442 0
1616454192140 0.7217286375968966 0
1616454192141 0.7251672042611792 0
1616454192149 0.725505125974897 0
1616454192173 0.716261960581704 0
1616454192268 0.717395631921901 0
1616454192285 0.7234826707930326 0
1616454192310 0.7233875775393236 0
1616454192348 0.7371228636155785 0
1616454192356 0.7193155324758664 0
1616454192363 0.7227942987494493 0
1616454192391 0.7207303350155896 0
1616454192404 0.7224148325324663 0
1616454192407 0.7234293318246651 0
1616454192429 0.723060101420779 0
1616454192487 0.7173788696880397 0
1616454192543 0.7252045147929923 0
1616454192551 0.7183186567539607 0
1616454192545 0.72482372795857 0
1616454192618 0.7211684459782302 0
1616454192630 0.727516362658348 0
1616454192669 0.736362810013417 0
1616454192784 0.718441490294383 0
1616454192877 0.7206069017151455 0
1616454192897 0.7232976186116119 0
1616454192910 0.7226335420171456 0
1616454193010 0.7253618570783307 0
1616454193078 0.717023423890929 0
1616454193148 0.7214061595805796 0
1616454193276 0.7297964774456972 0
1616454193306 0.7361066984231951 0
1616454193331 0.7285807756780869 0
1616454193342 0.7143990859889058 0
1616454193360 0.7312672589846875 0
1616454193374 0.7190866461477887 0
1616454193436 0.7222895995499203 0
1616454193436 0.7230119725279911 0
1616454193459 0.7176214460234165 0
1616454193471 0.7285083655359452 0
1616454193486 0.726997694725267 0
1616454193507 0.7203801709976936 0
1616454193619 0.7264413187993493 0
1616454193749 0.7279965610224437 0
1616454193789 0.7279546996841951 0
1616454193805 0.7203037923645556 0
1616454193898 0.731308862227191 0
1616454194023 0.7241789976646852 0
1616454194227 0.7271004750536361 0
1616454194377 0.7266410400712823 0
1616454194511 0.7203628623584446 0
1616454194498 0.7228984699266698 0
1616454194514 0.72478686052484 0
