1616454189772 0.6746304288770695 0
1616454189898 0.6812581535282701 0
1616454189911 0.6782516215124247 0
1616454189917 0.6738922698829791 0
1616454189993 0.6753626179691699 0
1616454190010 0.6737265846064687 0
1616454190058 0.6737333756540438 0
1616454190097 0.6756359213222206 0
1616454190163 0.6706485566058035 0
1616454190344 0.6721751328432725 0
1616454190359 0.6731381386535722 0
1616454190382 0.6810772883644018 0
1616454190412 0.6835290598617823 0
1616454190459 0.6751918098951211 0
1616454190463 0.6812676787808816 0
1616454190485 0.6753981613461776 0
1616454190509 0.6778299264153625 0
1616454190540 0.6764206487513882 0
1616454190579 0.6730641749269214 0
1616454190618 0.6731153667288823 0
1616454190693 0.6746381868235519 0
1616454190793 0.6795311660720624 0
1616454190807 0.6747414686596389 0
1616454190836 0.6758794646634626 0
1616454190880 0.6769057565054875 0
1616454190873 0.6767199368292898 0
1616454190946 0.6767938412910832 0
1616454191001 0.6731050591773962 0
1616454191073 0.6727504786719747 0
1616454191260 0.6696007226428041 0
1616454191540 0.6673575515181603 0
1616454191545 0.6781595142322635 0
1616454191620 0.6762991968483986 0
1616454191626 0.6736633192575378 0
1616454191698 0.6719266782650255 0
1616454191732 0.6828794674835615 0
1616454191745 0.6733575070239575 0
1616454191800 0.6694002508781896 0
1616454191804 0.6774283500951958 0
1616454191825 0.6772090461194908 0
1616454191809 0.676531877512897 0
1616454191812 0.6722254882205708 0
1616454191847 0.6754575488064604 0
1616454191903 0.6734153998647825 0
1616454191931 0.6702673146175593 0
1616454191919 0.680794276337556 0
1616454192016 0.6813991147807149 0
1616454192057 0.6776229429577562 0
1616454192108 0.6711257623807968 0
1616454192140 0.672780541701213 0
1616454192141 0.6760931215054149 0
1616454192149 0.6759251656527516 0
1616454192173 0.6714509859351582 0
1616454192268 0.6709251615441226 0
1616454192285 0.674024320308337 0
1616454192310 0.6698879275493183 0
1616454192348 0.6766976197312335 0
1616454192357 0.6698890994918919 0
1616454192363 0.6741983192559496 0
1616454192391 0.6689960092017765 0
1616454192404 0.6722594480027255 0
1616454192408 0.6722495654010066 0
1616454192429 0.674635356830717 0
1616454192487 0.6675857373882164 0
1616454192543 0.6748431771336303 0
1616454192551 0.6711279870973997 0
1616454192545 0.6742637478425653 0
1616454192618 0.6743204699061505 0
1616454192630 0.6747987957219473 0
1616454192669 0.6803364454943438 0
1616454192784 0.6726463878719773 0
1616454192877 0.6698179132377764 0
1616454192897 0.6758484721029043 0
1616454192910 0.6730362005252749 0
1616454193010 0.6744398081512547 0
1616454193078 0.6688928386275059 0
1616454193148 0.6718901766686828 0
1616454193276 0.6802428526664718 0
1616454193306 0.6779480539550538 0
1616454193331 0.6762757150026 0
1616454193342 0.6705533537903233 0
1616454193360 0.6752886074841147 0
1616454193374 0.6703250055241489 0
1616454193437 0.6731010823603416 0
1616454193436 0.6752333519658645 0
1616454193459 0.6703036996302635 0
1616454193471 0.6789476259134879 0
1616454193486 0.6803280880009746 0
1616454193507 0.6721478290175302 0
1616454193619 0.6772583619702898 0
1616454193749 0.6787401135944373 0
1616454193789 0.6783057221963262 0
1616454193805 0.6729750295140586 0
1616454193898 0.6788381112117448 0
1616454194023 0.672626650983096 0
1616454194227 0.6769942279982515 0
1616454194377 0.6750487068183584 0
1616454194511 0.673060207032598 0
1616454194498 0.6777358533161605 0
1616454194514 0.6760286726944711 0
