1616454189627 0.6872093023255814 0
1616454189746 0.6941860465116279 0
1616454189759 0.6918604651162791 0
1616454189776 0.686046511627907 0
1616454189785 0.686046511627907 0
1616454189840 0.6872093023255814 0
1616454189905 0.6883720930232559 0
1616454189914 0.6895348837209302 0
1616454190014 0.6825581395348838 0
1616454190133 0.6848837209302325 0
1616454190139 0.686046511627907 0
1616454190202 0.6965116279069767 0
1616454190230 0.6883720930232559 0
1616454190233 0.6941860465116279 0
1616454190303 0.6930232558139535 0
1616454190324 0.6918604651162791 0
1616454190330 0.6895348837209302 0
1616454190372 0.6883720930232559 0
1616454190378 0.686046511627907 0
1616454190405 0.686046511627907 0
1616454190449 0.6883720930232559 0
1616454190513 0.6872093023255814 0
1616454190573 0.6918604651162791 0
1616454190594 0.6883720930232559 0
1616454190606 0.6895348837209302 0
1616454190663 0.6906976744186046 0
1616454190724 0.6895348837209302 0
1616454190749 0.6872093023255814 0
1616454190829 0.686046511627907 0
1616454190977 0.6813953488372093 0
1616454191295 0.6813953488372093 0
1616454191321 0.6906976744186046 0
1616454191380 0.6895348837209302 0
1616454191384 0.686046511627907 0
1616454191464 0.6848837209302325 0
1616454191488 0.6953488372093023 0
1616454191521 0.686046511627907 0
1616454191515 0.6848837209302325 0
1616454191561 0.6825581395348838 0
1616454191565 0.6895348837209302 0
1616454191575 0.6906976744186046 0
1616454191588 0.6906976744186046 0
1616454191595 0.6883720930232559 0
1616454191645 0.6930232558139535 0
1616454191665 0.6872093023255814 0
1616454191693 0.686046511627907 0
1616454191779 0.6953488372093023 0
1616454191783 0.6918604651162791 0
1616454191840 0.6848837209302325 0
1616454191876 0.6895348837209302 0
1616454191863 0.686046511627907 0
1616454191893 0.6895348837209302 0
1616454191930 0.6837209302325581 0
1616454192012 0.6872093023255814 0
1616454192034 0.6837209302325581 0
1616454192063 0.6837209302325581 0
1616454192088 0.6837209302325581 0
1616454192105 0.686046511627907 0
1616454192106 0.6872093023255814 0
1616454192109 0.6930232558139535 0
1616454192118 0.686046511627907 0
1616454192145 0.6825581395348838 0
1616454192208 0.6875725900116144 0
1616454192250 0.6817653890824622 0
1616454192276 0.6872093023255814 0
1616454192311 0.6887340301974448 0
1616454192305 0.6840882694541232 0
1616454192371 0.6872093023255814 0
1616454192439 0.6945412311265969 0
1616454192435 0.6895348837209302 0
1616454192489 0.6852497096399536 0
1616454192625 0.6883720930232559 0
1616454192643 0.6829268292682927 0
1616454192691 0.686411149825784 0
1616454192771 0.6875725900116144 0
1616454192916 0.6848837209302325 0
1616454192923 0.6817653890824622 0
1616454193040 0.6930232558139535 0
1616454193061 0.6933797909407665 0
1616454193064 0.6829268292682927 0
1616454193064 0.6895348837209302 0
1616454193146 0.6898954703832753 0
1616454193150 0.6922183507549361 0
1616454193175 0.6887340301974448 0
1616454193189 0.6829268292682927 0
1616454193187 0.6829268292682927 0
1616454193215 0.6922183507549361 0
1616454193270 0.686411149825784 0
1616454193284 0.6852497096399536 0
1616454193400 0.6898954703832753 0
1616454193568 0.6910569105691057 0
1616454193597 0.6910569105691057 0
1616454193647 0.6852497096399536 0
1616454193683 0.6922183507549361 0
1616454193866 0.686411149825784 0
1616454194018 0.6898954703832753 0
1616454194216 0.6887340301974448 0
1616454194268 0.6887340301974448 0
1616454194271 0.6852497096399536 0
1616454194257 0.6887340301974448 0
