1616454189772 0.6872093023255814 0
1616454189898 0.6941860465116279 0
1616454189911 0.6918604651162791 0
1616454189917 0.686046511627907 0
1616454189993 0.6872093023255814 0
1616454190010 0.686046511627907 0
1616454190058 0.6883720930232559 0
1616454190097 0.6895348837209302 0
1616454190163 0.6825581395348838 0
1616454190344 0.6848837209302325 0
1616454190359 0.686046511627907 0
1616454190382 0.6941860465116279 0
1616454190412 0.6965116279069767 0
1616454190459 0.6883720930232559 0
1616454190463 0.6930232558139535 0
1616454190485 0.6895348837209302 0
1616454190509 0.6918604651162791 0
1616454190540 0.6883720930232559 0
1616454190579 0.686046511627907 0
1616454190632 0.686046511627907 0
1616454190693 0.6883720930232559 0
1616454190793 0.6918604651162791 0
1616454190807 0.6872093023255814 0
1616454190836 0.6883720930232559 0
1616454190880 0.6895348837209302 0
1616454190873 0.6906976744186046 0
1616454190946 0.6895348837209302 0
1616454191001 0.6872093023255814 0
1616454191073 0.686046511627907 0
1616454191260 0.6813953488372093 0
1616454191540 0.6813953488372093 0
1616454191545 0.6906976744186046 0
1616454191620 0.6895348837209302 0
1616454191626 0.686046511627907 0
1616454191698 0.6848837209302325 0
1616454191732 0.6953488372093023 0
1616454191745 0.686046511627907 0
1616454191800 0.6825581395348838 0
1616454191804 0.6906976744186046 0
1616454191825 0.6906976744186046 0
1616454191809 0.6895348837209302 0
1616454191812 0.6848837209302325 0
1616454191847 0.6883720930232559 0
1616454191903 0.6872093023255814 0
1616454191931 0.686046511627907 0
1616454191919 0.6930232558139535 0
1616454192016 0.6953488372093023 0
1616454192057 0.6918604651162791 0
1616454192108 0.6848837209302325 0
1616454192140 0.686046511627907 0
1616454192141 0.6895348837209302 0
1616454192149 0.6895348837209302 0
1616454192173 0.6837209302325581 0
1616454192268 0.6837209302325581 0
1616454192285 0.6872093023255814 0
1616454192310 0.6837209302325581 0
1616454192348 0.6930232558139535 0
1616454192357 0.6837209302325581 0
1616454192363 0.6872093023255814 0
1616454192391 0.6825581395348838 0
1616454192404 0.686046511627907 0
1616454192408 0.686046511627907 0
1616454192429 0.6875725900116144 0
1616454192487 0.6817653890824622 0
1616454192543 0.6887340301974448 0
1616454192551 0.6840882694541232 0
1616454192545 0.6872093023255814 0
1616454192618 0.6872093023255814 0
1616454192630 0.6895348837209302 0
1616454192669 0.6945412311265969 0
1616454192784 0.6852497096399536 0
1616454192877 0.6829268292682927 0
1616454192897 0.6883720930232559 0
1616454192910 0.686411149825784 0
1616454193010 0.6875725900116144 0
1616454193078 0.6817653890824622 0
1616454193148 0.6848837209302325 0
1616454193276 0.6933797909407665 0
1616454193306 0.6930232558139535 0
1616454193331 0.6898954703832753 0
1616454193342 0.6829268292682927 0
1616454193360 0.6895348837209302 0
1616454193374 0.6829268292682927 0
1616454193437 0.686411149825784 0
1616454193436 0.6887340301974448 0
1616454193459 0.6829268292682927 0
1616454193471 0.6922183507549361 0
1616454193486 0.6922183507549361 0
1616454193507 0.6852497096399536 0
1616454193619 0.6898954703832753 0
1616454193749 0.6910569105691057 0
1616454193789 0.6910569105691057 0
1616454193805 0.6852497096399536 0
1616454193898 0.6922183507549361 0
1616454194023 0.686411149825784 0
1616454194227 0.6898954703832753 0
1616454194377 0.6887340301974448 0
1616454194511 0.6852497096399536 0
1616454194498 0.6887340301974448 0
1616454194514 0.6887340301974448 0
