1616002721108 0.684309044387757 0
1616002721405 0.670701352909616 0
1616002722389 0.6890291795922717 0
1616002722707 0.6852126226121767 0
1616002722984 0.653567104238753 0
1616002723357 0.6753403290816339 0
1616002723370 0.6848958882626656 0
1616002723737 0.6743273040126837 0
1616002723931 0.6780626585015193 0
1616002724361 0.6878780578602002 0
1616002724744 0.6506348315003676 0
1616002724765 0.6752181193962591 0
1616002724931 0.668432865905179 0
1616002725297 0.672187210895329 0
1616002725367 0.6795942449338804 0
1616002725478 0.6723493114785627 0
1616002725556 0.6617559577398199 0
1616002726116 0.6640501217698678 0
1616002726174 0.6591615901000399 0
1616002726270 0.6781815461941505 0
1616002726669 0.685966589288941 0
1616002726706 0.680183885240277 0
1616002726696 0.6708754207435956 0
1616002726808 0.6752528630987332 0
1616002727173 0.6844601710149533 0
1616002727182 0.6761803400310586 0
1616002727216 0.653544537390441 0
1616002727273 0.687207636170583 0
1616002727349 0.6781005414218501 0
1616002727384 0.6746649493643336 0
1616002727385 0.6497857794163483 0
1616002727543 0.677041618314742 0
1616002727600 0.6694173756248598 0
1616002727655 0.6733780031154458 0
1616002727650 0.6593504561146661 0
1616002727771 0.6942873573645569 0
1616002727787 0.670903752821644 0
1616002727784 0.6690858198795031 0
1616002727800 0.6848397964628378 0
1616002727926 0.6621036828278003 0
1616002727978 0.6743010577664621 0
1616002728071 0.6613130467220236 0
1616002728159 0.6766918500438918 0
1616002728302 0.6938915255926444 0
1616002728394 0.6878744450281714 0
1616002728461 0.6910516317460073 0
1616002728446 0.6692871604106255 0
1616002728516 0.662427406808666 0
1616002728525 0.6734954537506557 0
1616002728588 0.6721171554603624 0
1616002728595 0.6874237666063706 0
1616002728590 0.6824893493268637 0
1616002728595 0.6761741333065229 0
1616002728629 0.6683649216400765 0
1616002728666 0.6761607408465061 0
1616002728654 0.6698812984496123 0
1616002728720 0.6797978743133981 0
1616002728735 0.6637866735449954 0
1616002728787 0.6804436458186868 0
1616002728845 0.670891597538514 0
1616002728854 0.6790343725342182 0
1616002728909 0.684536649172645 0
1616002728910 0.6819921618767638 0
1616002728994 0.6707206209959504 0
1616002729007 0.6765136066214822 0
1616002729037 0.6700705407402636 0
1616002729039 0.6616622318101393 0
1616002729150 0.6634557977606329 0
1616002729198 0.6710142860517881 0
1616002729215 0.6796275274533715 0
1616002729215 0.6583597662515952 0
1616002729300 0.6833272235634155 0
1616002729335 0.6566411817349165 0
1616002729341 0.6829031621869439 0
1616002729386 0.6697478091132022 0
1616002729435 0.6746220019096145 0
1616002729468 0.6694912788151149 0
1616002729503 0.6781158864650294 0
1616002729508 0.6883901757999702 0
1616002729565 0.6646136649334323 0
1616002729659 0.6596461547970669 0
1616002729706 0.6658679187709355 0
1616002729725 0.6806734666145077 0
1616002729753 0.6664394386984197 0
1616002729776 0.6680636993857765 0
1616002729803 0.6552689060105887 0
1616002729809 0.6820644908032225 0
1616002729828 0.6554246601449795 0
1616002729839 0.6907465356069628 0
1616002729855 0.6784717529976453 0
1616002729939 0.6896988909832201 0
1616002730055 0.6746016347252404 0
1616002730070 0.6628267734029981 0
1616002730268 0.6937046771171979 0
1616002730286 0.6792210631265605 0
1616002730301 0.685158377566666 0
1616002730305 0.6608849685969465 0
1616002730317 0.6919391102497827 0
1616002730560 0.6703535823096534 0
1616002731297 0.6797160156214958 0
