1616002721108 0.8644035390246063 0
1616002721405 0.861255788316749 0
1616002722389 0.8721337841439073 0
1616002722707 0.868542665173833 0
1616002722984 0.8627144537812533 0
1616002723357 0.8615889235767886 0
1616002723371 0.8695851779861833 0
1616002723737 0.8702118894655341 0
1616002723931 0.8672461956182153 0
1616002724361 0.8623396264012935 0
1616002724744 0.8626742122644054 0
1616002724765 0.867820987249057 0
1616002724931 0.8655564457748062 0
1616002725297 0.8715405734658375 0
1616002725367 0.8667924000641728 0
1616002725479 0.8651893956473712 0
1616002725556 0.8680602339792873 0
1616002726116 0.8623370540847071 0
1616002726174 0.8618681411917759 0
1616002726270 0.8684933127651553 0
1616002726669 0.870390051778347 0
1616002726706 0.8692818245936657 0
1616002726696 0.8666453471511583 0
1616002726808 0.867402957576036 0
1616002727173 0.8740051287814484 0
1616002727182 0.8673021334288545 0
1616002727216 0.8627901269125567 0
1616002727273 0.8694101734505781 0
1616002727349 0.8696466630468334 0
1616002727384 0.8670467245442187 0
1616002727385 0.8630765136892604 0
1616002727543 0.8692447255013135 0
1616002727600 0.8651411239637454 0
1616002727655 0.8690263679005432 0
1616002727650 0.8646878611637508 0
1616002727787 0.8652310082030289 0
1616002727771 0.8695363304817811 0
1616002727784 0.8685666309395129 0
1616002727800 0.8657555927554609 0
1616002727927 0.863887535561816 0
1616002727978 0.8666448956948264 0
1616002728071 0.8640614421630035 0
1616002728159 0.8692965241230557 0
1616002728302 0.8665911032317118 0
1616002728394 0.8616015272120318 0
1616002728461 0.8659884051158394 0
1616002728446 0.864278423233798 0
1616002728516 0.8652477537541355 0
1616002728525 0.8635659034854168 0
1616002728588 0.8679144312481261 0
1616002728595 0.8702712869965851 0
1616002728590 0.8654879291694905 0
1616002728595 0.8646485318722148 0
1616002728629 0.8592003158952765 0
1616002728666 0.8604958914110514 0
1616002728654 0.8682915860646837 0
1616002728735 0.8594946047232481 0
1616002728720 0.8702534255603175 0
1616002728787 0.8685607746247629 0
1616002728845 0.86730739549974 0
1616002728854 0.8663359950765748 0
1616002728909 0.8697466065686593 0
1616002728910 0.8632362627062321 0
1616002729007 0.8662187914363553 0
1616002728994 0.8624321051027105 0
1616002729037 0.863051568112501 0
1616002729039 0.8645324385664397 0
1616002729150 0.8681607141159965 0
1616002729198 0.862299957104646 0
1616002729215 0.871526766655979 0
1616002729215 0.8633044186639022 0
1616002729300 0.865467591485074 0
1616002729335 0.8627611426493508 0
1616002729341 0.8716381587135907 0
1616002729386 0.8623943678970392 0
1616002729435 0.8675379190194189 0
1616002729468 0.8636892028184898 0
1616002729504 0.8674775561900341 0
1616002729508 0.8642003252521557 0
1616002729565 0.8682532670822082 0
1616002729659 0.8637403379496348 0
1616002729706 0.8701547036588044 0
1616002729725 0.8673740662726508 0
1616002729753 0.8664689521404028 0
1616002729776 0.8634242267847893 0
1616002729803 0.8665924612916206 0
1616002729809 0.8666181888988844 0
1616002729828 0.8620986602561193 0
1616002729839 0.8697420455044423 0
1616002729855 0.8638304519669726 0
1616002729939 0.8647241603297884 0
1616002730055 0.8646224294788637 0
1616002730070 0.8642210373110268 0
1616002730268 0.8682705824435747 0
1616002730286 0.8649488624620035 0
1616002730301 0.8683450942896664 0
1616002730305 0.8613621994031544 0
1616002730317 0.8722510936048056 0
1616002730560 0.8662303088771163 0
1616002731297 0.8643004098038555 0
