1616002717324 0.6306620209059234 0
1616002718078 0.6085946573751452 0
1616002718765 0.6248548199767712 0
1616002718804 0.6144018583042973 0
1616002718938 0.59465737514518 0
1616002719264 0.6062717770034843 0
1616002719385 0.6097560975609756 0
1616002719526 0.6225319396051103 0
1616002720004 0.627177700348432 0
1616002720084 0.6085946573751452 0
1616002720277 0.6004645760743321 0
1616002720366 0.6097560975609756 0
1616002720535 0.6144018583042973 0
1616002720748 0.6074332171893148 0
1616002720981 0.6132404181184669 0
1616002720994 0.6004645760743321 0
1616002720995 0.6085946573751452 0
1616002721504 0.6039488966318235 0
1616002721542 0.6236933797909407 0
1616002721665 0.6155632984901278 0
1616002721650 0.610917537746806 0
1616002721782 0.6144018583042973 0
1616002721866 0.6236933797909407 0
1616002722012 0.6167247386759582 0
1616002722108 0.6209302325581395 0
1616002722159 0.6232558139534884 0
1616002722226 0.6120789779326364 0
1616002722356 0.6074332171893148 0
1616002722353 0.6046511627906976 0
1616002722368 0.6058139534883721 0
1616002722392 0.6174418604651163 0
1616002722463 0.6162790697674418 0
1616002722479 0.6174418604651163 0
1616002722487 0.6283391405342624 0
1616002722494 0.5976744186046512 0
1616002722569 0.6058139534883721 0
1616002722583 0.6011627906976744 0
1616002722594 0.6027874564459931 0
1616002722626 0.6097560975609756 0
1616002722650 0.6034883720930233 0
1616002722701 0.6104651162790697 0
1616002722759 0.6151162790697674 0
1616002722858 0.5930232558139535 0
1616002722895 0.6011627906976744 0
1616002722883 0.6232558139534884 0
1616002722930 0.6232558139534884 0
1616002722996 0.5976744186046512 0
1616002722970 0.6034883720930233 0
1616002723034 0.6313953488372093 0
1616002723145 0.6197674418604651 0
1616002723151 0.6116279069767442 0
1616002723148 0.6127906976744186 0
1616002723257 0.6313953488372093 0
1616002723259 0.608139534883721 0
1616002723249 0.6034883720930233 0
1616002723288 0.6174418604651163 0
1616002723302 0.6186046511627907 0
1616002723344 0.6058139534883721 0
1616002723373 0.6127906976744186 0
1616002723407 0.6162790697674418 0
1616002723592 0.6232558139534884 0
1616002723608 0.6139534883720931 0
1616002723597 0.6197674418604651 0
1616002723687 0.6011627906976744 0
1616002723699 0.6104651162790697 0
1616002723707 0.608139534883721 0
1616002723703 0.6093023255813953 0
1616002723700 0.6058139534883721 0
1616002723764 0.6046511627906976 0
1616002723819 0.6197674418604651 0
1616002723874 0.6127906976744186 0
1616002723870 0.6290697674418605 0
1616002723898 0.6174418604651163 0
1616002723961 0.610917537746806 0
1616002723976 0.608139534883721 0
1616002723971 0.5988372093023255 0
1616002724039 0.6255813953488372 0
1616002724057 0.6093023255813953 0
1616002724107 0.6011627906976744 0
1616002724120 0.5988372093023255 0
1616002724150 0.6046511627906976 0
1616002724209 0.6197674418604651 0
1616002724200 0.6255813953488372 0
1616002724293 0.608139534883721 0
1616002724303 0.5976744186046512 0
1616002724303 0.6104651162790697 0
1616002724348 0.6104651162790697 0
1616002724359 0.6097560975609756 0
1616002724376 0.6209302325581395 0
1616002724379 0.5988372093023255 0
1616002724391 0.6139534883720931 0
1616002724414 0.6104651162790697 0
1616002724474 0.6139534883720931 0
1616002724532 0.6325581395348837 0
1616002724588 0.6104651162790697 0
1616002724655 0.6197674418604651 0
1616002724637 0.6232558139534884 0
1616002724732 0.6151162790697674 0
1616002724774 0.5988372093023255 0
1616002724924 0.6023255813953489 0
