1616002721108 0.6251352164521671 0
1616002721405 0.5991318443578367 0
1616002722389 0.6172826987447916 0
1616002722707 0.6041322747395997 0
1616002722984 0.5848955203811835 0
1616002723357 0.6018424504729635 0
1616002723371 0.6114588927340066 0
1616002723737 0.5999918334879862 0
1616002723931 0.5941927911872308 0
1616002724361 0.6207206995085516 0
1616002724744 0.5916490650589354 0
1616002724765 0.6000894859625431 0
1616002724931 0.5984935158511869 0
1616002725297 0.6055762365348508 0
1616002725367 0.5968135072394771 0
1616002725479 0.6057625544243783 0
1616002725556 0.591452581372402 0
1616002726116 0.5950445841437934 0
1616002726174 0.6066252704389924 0
1616002726270 0.6086952843526957 0
1616002726669 0.615717980791237 0
1616002726706 0.6068595119080811 0
1616002726696 0.6083030488950876 0
1616002726808 0.603499812268392 0
1616002727173 0.6157761879008354 0
1616002727182 0.6047134980121438 0
1616002727216 0.5948372579049488 0
1616002727273 0.6166695241574451 0
1616002727349 0.6137846392671602 0
1616002727384 0.5939910630057678 0
1616002727385 0.5985710204824441 0
1616002727543 0.6080910796818679 0
1616002727600 0.6123531308050463 0
1616002727655 0.6009704839462093 0
1616002727650 0.589362834084895 0
1616002727771 0.6217516051373547 0
1616002727787 0.5898971866746826 0
1616002727784 0.6018508149206174 0
1616002727800 0.6040185910794181 0
1616002727927 0.5920753092650933 0
1616002727978 0.5948166651494418 0
1616002728071 0.5891854633218491 0
1616002728159 0.6123283964190956 0
1616002728302 0.6150721724012708 0
1616002728394 0.6083345775737434 0
1616002728461 0.6130977778088681 0
1616002728446 0.5792401879330075 0
1616002728516 0.5961513671719372 0
1616002728525 0.5948670542004303 0
1616002728588 0.6027534380783017 0
1616002728595 0.6092594030315319 0
1616002728590 0.5985887432083284 0
1616002728595 0.6125894038748414 0
1616002728629 0.5837241058111212 0
1616002728666 0.6107800618941768 0
1616002728654 0.6083195680721203 0
1616002728735 0.5953045002815873 0
1616002728720 0.604083485066177 0
1616002728787 0.6254833307995326 0
1616002728845 0.6040532174606188 0
1616002728854 0.6163103418119161 0
1616002728909 0.627210419420009 0
1616002728910 0.5988288685588933 0
1616002728994 0.604107346971965 0
1616002729007 0.6004960095223749 0
1616002729037 0.5988909355404732 0
1616002729039 0.5906827394859206 0
1616002729150 0.5898651008456721 0
1616002729198 0.5998993357191842 0
1616002729215 0.6106761447363341 0
1616002729215 0.5851446346946932 0
1616002729300 0.6109026249410406 0
1616002729335 0.6003512601010188 0
1616002729341 0.6002857514912464 0
1616002729386 0.5943845275735824 0
1616002729435 0.6013067937810173 0
1616002729468 0.5965586651585263 0
1616002729504 0.5964535963089195 0
1616002729508 0.6203874723534277 0
1616002729565 0.5991208506612583 0
1616002729659 0.5890279561328382 0
1616002729706 0.5847334058639913 0
1616002729725 0.6003655768298649 0
1616002729753 0.609482738293727 0
1616002729776 0.5994364859264332 0
1616002729803 0.591727589118211 0
1616002729809 0.5996904645211203 0
1616002729828 0.5972131121170077 0
1616002729839 0.608954316743507 0
1616002729855 0.6021374032697245 0
1616002729939 0.6165666254038524 0
1616002730055 0.5853327028524185 0
1616002730070 0.6086018842725384 0
1616002730268 0.6144103788542972 0
1616002730286 0.6114814043204249 0
1616002730301 0.6042924145074182 0
1616002730305 0.5915889377860398 0
1616002730317 0.6093916359102106 0
1616002730560 0.5902986399754006 0
1616002731297 0.6242261675059404 0
