1616454221177 0.6016626602564104 0
1616454221183 0.6102133138195267 0
1616454221211 0.601558301461214 0
1616454221218 0.596998087819389 0
1616454221222 0.6042395111764709 0
1616454221224 0.602370935362618 0
1616454221226 0.6035225282389296 0
1616454221231 0.5995977953225086 0
1616454221239 0.6049769539125917 0
1616454221240 0.6173755789404775 0
1616454221256 0.6059670505686708 0
1616454221262 0.6089887926859319 0
1616454221265 0.5888443427820141 0
1616454221265 0.6089887926859319 0
1616454221283 0.5815015969011017 0
1616454221295 0.6091487051091558 0
1616454221322 0.6024663127496086 0
1616454221324 0.5948557899414544 0
1616454221352 0.5908726146339897 0
1616454221352 0.593161549636431 0
1616454221366 0.580006437870575 0
1616454221379 0.6070653725130246 0
1616454221389 0.5940577892562083 0
1616454221399 0.605472492983341 0
1616454221421 0.6042395111764709 0
1616454221434 0.5878690126114055 0
1616454221436 0.5956370339170043 0
1616454221444 0.61395829921796 0
1616454221459 0.6103595568139045 0
1616454221468 0.6014238205176736 0
1616454221496 0.6092431708343677 0
1616454221595 0.6133137692268077 0
1616454221606 0.6155066357724165 0
1616454221623 0.6048410868460541 0
1616454221629 0.6042395111764709 0
1616454221664 0.5971616132065704 0
1616454221668 0.61395829921796 0
1616454221690 0.6084752406443731 0
1616454221733 0.6049424831820659 0
1616454221777 0.6089887926859319 0
1616454221796 0.5912680291186956 0
1616454221849 0.6035225282389296 0
1616454221855 0.6208951618856253 0
1616454221887 0.6172658888186057 0
1616454221904 0.6174386908133843 0
1616454221913 0.6067534899678346 0
1616454221947 0.6091487051091558 0
1616454221995 0.6120114378239707 0
1616454222012 0.6129068278085185 0
1616454222037 0.590653012469532 0
1616454222074 0.6145677195127844 0
1616454222099 0.6060683911267121 0
1616454222134 0.6035225282389296 0
1616454222152 0.6132027516501333 0
1616454222205 0.5974667085392529 0
1616454222192 0.6077886466339164 0
1616454222249 0.5999604797586706 0
1616454222258 0.6040036860101365 0
1616454222296 0.5793939251454449 0
1616454222318 0.6080119109269254 0
1616454222382 0.5968888960740938 0
1616454222412 0.616735066119471 0
1616454222412 0.5669687897033641 0
1616454222414 0.6132027516501333 0
1616454222484 0.6093400846798243 0
1616454222509 0.6209332855949398 0
1616454222556 0.6133137692268077 0
1616454222571 0.612668749755653 0
1616454222597 0.58049562945797 0
1616454222608 0.612668749755653 0
1616454222579 0.5559753638468974 0
1616454222688 0.605643300869739 0
1616454222731 0.6049424831820659 0
1616454222750 0.5994707354493638 0
1616454222813 0.6133137692268077 0
1616454222837 0.616735066119471 0
1616454222881 0.5988959361052384 0
1616454222869 0.5904528273706956 0
1616454222913 0.5723480347753905 0
1616454222937 0.6021107686560194 0
1616454222965 0.6075779378115069 0
1616454223017 0.5914869436801374 0
1616454223026 0.588947900955333 0
1616454223033 0.5740263401535202 0
1616454223107 0.6145677195127844 0
1616454223123 0.6132027516501333 0
1616454223166 0.6133137692268077 0
1616454223195 0.6077776946084743 0
1616454223215 0.6022885656809994 0
1616454223223 0.6123502952823852 0
1616454223248 0.5868522875407449 0
1616454223313 0.6168210903503989 0
1616454223352 0.6108380082196877 0
1616454223365 0.6096996938310207 0
1616454223379 0.5868522875407449 0
1616454223457 0.5815015969011017 0
1616454223462 0.5940413745203607 0
1616454223494 0.6104494243460525 0
1616454223520 0.6113411840685914 0
1616454223566 0.6108202646370487 0
