1616454221177 0.7438738738738738 0
1616454221183 0.7314083172516906 0
1616454221211 0.7372266139657444 0
1616454221218 0.7239269715791454 0
1616454221222 0.7290258445873063 0
1616454221224 0.7188669908223152 0
1616454221226 0.7279829589490736 0
1616454221231 0.7203931680907498 0
1616454221239 0.7337009067954405 0
1616454221240 0.7361129196072814 0
1616454221256 0.7237557729732408 0
1616454221262 0.7313880105138162 0
1616454221265 0.7129503699632257 0
1616454221265 0.7313880105138162 0
1616454221283 0.7150132390777608 0
1616454221295 0.7324085346980045 0
1616454221322 0.7324170564201145 0
1616454221324 0.7229538041219146 0
1616454221351 0.7202579328746698 0
1616454221352 0.7517488289552423 0
1616454221366 0.7197713049524841 0
1616454221379 0.7357944080456795 0
1616454221389 0.7217832197885563 0
1616454221399 0.7238717883716482 0
1616454221421 0.7290258445873063 0
1616454221434 0.731480675041051 0
1616454221436 0.724094288878342 0
1616454221444 0.7299227121364712 0
1616454221459 0.7274004674457811 0
1616454221468 0.722516581116429 0
1616454221496 0.7359939595288433 0
1616454221595 0.734737131555501 0
1616454221606 0.7374655213955464 0
1616454221623 0.7319388184334487 0
1616454221629 0.7290258445873063 0
1616454221664 0.7199663459464124 0
1616454221668 0.7299227121364712 0
1616454221690 0.7314301979314188 0
1616454221733 0.7300461456647663 0
1616454221777 0.7313880105138162 0
1616454221796 0.7215593072281453 0
1616454221849 0.7279829589490736 0
1616454221855 0.7375358046469274 0
1616454221887 0.7351528432241156 0
1616454221904 0.7370348451348776 0
1616454221913 0.7253038678987271 0
1616454221947 0.7324085346980045 0
1616454221995 0.7328409350104101 0
1616454222012 0.7390341339908519 0
1616454222037 0.7254715839824303 0
1616454222074 0.7308563292426605 0
1616454222099 0.7308613149965232 0
1616454222134 0.7279829589490736 0
1616454222152 0.7337672927548657 0
1616454222205 0.7216349541930936 0
1616454222192 0.7304314622254823 0
1616454222249 0.7265817800749849 0
1616454222258 0.7279167345144647 0
1616454222296 0.7417715205113322 0
1616454222318 0.7217307388071507 0
1616454222382 0.7186908704515939 0
1616454222412 0.7351837959489872 0
1616454222412 0.7046616857834368 0
1616454222414 0.7337672927548657 0
1616454222484 0.7483088500180123 0
1616454222509 0.7384376893128209 0
1616454222556 0.734737131555501 0
1616454222571 0.7337982454797374 0
1616454222579 0.7055345934722215 0
1616454222597 0.7193174786468459 0
1616454222608 0.7337982454797374 0
1616454222688 0.7250237304224015 0
1616454222731 0.7300461456647663 0
1616454222750 0.7117463829520133 0
1616454222813 0.734737131555501 0
1616454222837 0.7351837959489872 0
1616454222881 0.7242819574073119 0
1616454222869 0.7203647197754766 0
1616454222913 0.7093921578005639 0
1616454222937 0.7313166834212169 0
1616454222965 0.7293443855729058 0
1616454223017 0.7483191732433391 0
1616454223026 0.7306498482216259 0
1616454223033 0.7157225323045139 0
1616454223107 0.7308563292426605 0
1616454223123 0.7337672927548657 0
1616454223166 0.734737131555501 0
1616454223195 0.7367685205160288 0
1616454223215 0.724898082211055 0
1616454223223 0.731755792380377 0
1616454223248 0.7189723792831543 0
1616454223313 0.736133115711453 0
1616454223352 0.7267587573585126 0
1616454223365 0.726395884685457 0
1616454223378 0.7189723792831543 0
1616454223457 0.7150132390777608 0
1616454223462 0.7286932571966711 0
1616454223494 0.7299563703318256 0
1616454223520 0.7318636579367476 0
1616454223566 0.7332026687238231 0
