1616454221154 0.6633333333333333 0
1616454221160 0.6666666666666666 0
1616454221183 0.66 0
1616454221190 0.66 0
1616454221194 0.6611295681063123 0
1616454221198 0.6611295681063123 0
1616454221203 0.6611295681063123 0
1616454221204 0.6611295681063123 0
1616454221212 0.6710963455149501 0
1616454221214 0.6611295681063123 0
1616454221228 0.6611295681063123 0
1616454221236 0.6644518272425249 0
1616454221238 0.6511627906976745 0
1616454221242 0.6644518272425249 0
1616454221256 0.6445182724252492 0
1616454221263 0.6644518272425249 0
1616454221280 0.654485049833887 0
1616454221290 0.6611295681063123 0
1616454221307 0.6578073089700996 0
1616454221308 0.6511627906976745 0
1616454221323 0.6445182724252492 0
1616454221333 0.6644518272425249 0
1616454221347 0.654485049833887 0
1616454221357 0.6611295681063123 0
1616454221374 0.6511627906976745 0
1616454221378 0.6611295681063123 0
1616454221392 0.654485049833887 0
1616454221402 0.6677740863787376 0
1616454221415 0.6644518272425249 0
1616454221425 0.6578073089700996 0
1616454221448 0.6644518272425249 0
1616454221528 0.6677740863787376 0
1616454221560 0.6611295681063123 0
1616454221564 0.6710963455149501 0
1616454221580 0.6644518272425249 0
1616454221602 0.6677740863787376 0
1616454221621 0.654485049833887 0
1616454221634 0.6644518272425249 0
1616454221690 0.6611295681063123 0
1616454221683 0.6644518272425249 0
1616454221730 0.6511627906976745 0
1616454221770 0.6744186046511628 0
1616454221793 0.6611295681063123 0
1616454221784 0.6710963455149501 0
1616454221849 0.6710963455149501 0
1616454221843 0.6644518272425249 0
1616454221864 0.6644518272425249 0
1616454221912 0.6677740863787376 0
1616454221925 0.6677740863787376 0
1616454221958 0.6511627906976745 0
1616454221979 0.6677740863787376 0
1616454222018 0.6611295681063123 0
1616454222041 0.6611295681063123 0
1616454222067 0.6677740863787376 0
1616454222087 0.6644518272425249 0
1616454222104 0.6578073089700996 0
1616454222149 0.6578073089700996 0
1616454222186 0.6611295681063123 0
1616454222214 0.6478405315614618 0
1616454222236 0.6644518272425249 0
1616454222263 0.654485049833887 0
1616454222329 0.6710963455149501 0
1616454222345 0.6677740863787376 0
1616454222367 0.6644518272425249 0
1616454222369 0.6345514950166113 0
1616454222427 0.6744186046511628 0
1616454222462 0.6677740863787376 0
1616454222476 0.6677740863787376 0
1616454222497 0.627906976744186 0
1616454222514 0.6677740863787376 0
1616454222544 0.6478405315614618 0
1616454222597 0.6611295681063123 0
1616454222614 0.6611295681063123 0
1616454222669 0.6578073089700996 0
1616454222717 0.6677740863787376 0
1616454222704 0.6710963455149501 0
1616454222760 0.6511627906976745 0
1616454222766 0.6578073089700996 0
1616454222818 0.6378737541528239 0
1616454222856 0.6611295681063123 0
1616454222884 0.6644518272425249 0
1616454222933 0.6411960132890365 0
1616454222966 0.6511627906976745 0
1616454222973 0.654485049833887 0
1616454223011 0.6677740863787376 0
1616454223035 0.6677740863787376 0
1616454223078 0.6677740863787376 0
1616454223106 0.6644518272425249 0
1616454223120 0.6578073089700996 0
1616454223141 0.6677740863787376 0
1616454223159 0.6478405315614618 0
1616454223204 0.6710963455149501 0
1616454223264 0.6644518272425249 0
1616454223272 0.6677740863787376 0
1616454223299 0.6478405315614618 0
1616454223364 0.6445182724252492 0
1616454223380 0.654485049833887 0
1616454223407 0.6677740863787376 0
1616454223424 0.6677740863787376 0
1616454223479 0.6644518272425249 0
