1616454221177 0.6633333333333333 0
1616454221183 0.6666666666666666 0
1616454221211 0.66 0
1616454221218 0.66 0
1616454221222 0.6611295681063123 0
1616454221224 0.6611295681063123 0
1616454221226 0.6611295681063123 0
1616454221231 0.6611295681063123 0
1616454221239 0.6611295681063123 0
1616454221240 0.6710963455149501 0
1616454221256 0.6611295681063123 0
1616454221262 0.6644518272425249 0
1616454221265 0.6511627906976745 0
1616454221265 0.6644518272425249 0
1616454221283 0.6445182724252492 0
1616454221295 0.6644518272425249 0
1616454221322 0.6611295681063123 0
1616454221324 0.654485049833887 0
1616454221352 0.6511627906976745 0
1616454221352 0.6578073089700996 0
1616454221366 0.6445182724252492 0
1616454221379 0.6644518272425249 0
1616454221389 0.654485049833887 0
1616454221399 0.6611295681063123 0
1616454221421 0.6611295681063123 0
1616454221434 0.6511627906976745 0
1616454221436 0.654485049833887 0
1616454221444 0.6677740863787376 0
1616454221459 0.6644518272425249 0
1616454221468 0.6578073089700996 0
1616454221496 0.6644518272425249 0
1616454221595 0.6677740863787376 0
1616454221606 0.6710963455149501 0
1616454221623 0.6644518272425249 0
1616454221629 0.6611295681063123 0
1616454221664 0.654485049833887 0
1616454221668 0.6677740863787376 0
1616454221690 0.6644518272425249 0
1616454221733 0.6611295681063123 0
1616454221777 0.6644518272425249 0
1616454221796 0.6511627906976745 0
1616454221849 0.6611295681063123 0
1616454221855 0.6744186046511628 0
1616454221887 0.6710963455149501 0
1616454221904 0.6710963455149501 0
1616454221913 0.6644518272425249 0
1616454221947 0.6644518272425249 0
1616454221995 0.6677740863787376 0
1616454222012 0.6677740863787376 0
1616454222037 0.6511627906976745 0
1616454222074 0.6677740863787376 0
1616454222099 0.6611295681063123 0
1616454222134 0.6611295681063123 0
1616454222152 0.6677740863787376 0
1616454222205 0.6578073089700996 0
1616454222192 0.6644518272425249 0
1616454222249 0.6578073089700996 0
1616454222258 0.6611295681063123 0
1616454222296 0.6478405315614618 0
1616454222318 0.6644518272425249 0
1616454222382 0.654485049833887 0
1616454222412 0.6710963455149501 0
1616454222412 0.6345514950166113 0
1616454222414 0.6677740863787376 0
1616454222484 0.6644518272425249 0
1616454222509 0.6744186046511628 0
1616454222556 0.6677740863787376 0
1616454222571 0.6677740863787376 0
1616454222579 0.627906976744186 0
1616454222597 0.6478405315614618 0
1616454222608 0.6677740863787376 0
1616454222688 0.6611295681063123 0
1616454222731 0.6611295681063123 0
1616454222750 0.6578073089700996 0
1616454222813 0.6677740863787376 0
1616454222837 0.6710963455149501 0
1616454222881 0.6578073089700996 0
1616454222869 0.6511627906976745 0
1616454222913 0.6378737541528239 0
1616454222937 0.6611295681063123 0
1616454222965 0.6644518272425249 0
1616454223017 0.654485049833887 0
1616454223026 0.6511627906976745 0
1616454223033 0.6411960132890365 0
1616454223107 0.6677740863787376 0
1616454223123 0.6677740863787376 0
1616454223166 0.6677740863787376 0
1616454223195 0.6644518272425249 0
1616454223215 0.6578073089700996 0
1616454223223 0.6677740863787376 0
1616454223248 0.6478405315614618 0
1616454223313 0.6710963455149501 0
1616454223352 0.6677740863787376 0
1616454223365 0.6644518272425249 0
1616454223379 0.6478405315614618 0
1616454223457 0.6445182724252492 0
1616454223462 0.654485049833887 0
1616454223494 0.6677740863787376 0
1616454223520 0.6677740863787376 0
1616454223566 0.6644518272425249 0
