1616001940507 0.16164551203878327 0
1616001940619 0.16261483264074716 0
1616001940659 0.16527508270825012 0
1616001940715 0.16357093426035074 0
1616001940717 0.16493784521151972 0
1616001940722 0.16129538748193661 0
1616001940714 0.16341214836301282 0
1616001940773 0.16273734183169403 0
1616001940785 0.16357761582536212 0
1616001940802 0.16468923780361813 0
1616001940825 0.16348792774032814 0
1616001940879 0.16475452577368854 0
1616001940887 0.16185218117347852 0
1616001940939 0.16187556195140618 0
1616001940943 0.16386728594930527 0
1616001940984 0.16535760649082573 0
1616001940962 0.16436263089320527 0
1616001940972 0.16273355988867264 0
1616001941105 0.16689807398411302 0
1616001941226 0.1637705776281536 0
1616001941225 0.16402636823906738 0
1616001941256 0.16174600422832275 0
1616001941482 0.1627621649060708 0
1616001941453 0.165451711842331 0
1616001941559 0.16163808254717082 0
1616001941580 0.16220547522598677 0
1616001941574 0.16242808388341728 0
1616001941714 0.16389185146852608 0
1616001941720 0.16220264248318803 0
1616001941852 0.16398954418519796 0
1616001941919 0.16645398659039112 0
1616001941999 0.16536271770561647 0
1616001942004 0.16248352160500754 0
1616001942109 0.1626937501484445 0
1616001942317 0.16586867617684664 0
1616001942383 0.16140023040230647 0
1616001942400 0.16245500617418301 0
1616001942400 0.16326492722485297 0
1616001942412 0.16145959827270745 0
1616001942409 0.16333925828153628 0
1616001942418 0.16350691429479536 0
1616001942425 0.1631991436186199 0
1616001942443 0.1635858297164805 0
1616001942499 0.16311148306136355 0
1616001942621 0.1605077157054346 0
1616001942655 0.16311650206410563 0
1616001942647 0.1654528265589459 0
1616001942686 0.16539482010270554 0
1616001942736 0.16173659362812243 0
1616001942792 0.16446171464897427 0
1616001942823 0.1632434581169784 0
1616001942829 0.16600800427016876 0
1616001942970 0.16658968878604 0
1616001943063 0.1660996527571473 0
1616001943055 0.16275752924036413 0
1616001943237 0.16478718555216124 0
1616001943264 0.16244392864248106 0
1616001943312 0.16113810380531557 0
1616001943309 0.1638486545492757 0
1616001943339 0.16355558805710918 0
1616001943316 0.1624066014758552 0
1616001943366 0.16103100626299655 0
1616001943351 0.1623919693309904 0
1616001943409 0.16282842408184575 0
1616001943532 0.16497505277292446 0
1616001943538 0.16366144040982636 0
1616001943546 0.1645823931749219 0
1616001943577 0.16330976032989036 0
1616001943579 0.16315298122001656 0
1616001943581 0.1624252945550154 0
1616001943630 0.1615649212461962 0
1616001943623 0.16210767107467172 0
1616001943617 0.16267583080004447 0
1616001943714 0.16301184518628847 0
1616001943693 0.16384445185819527 0
1616001943740 0.16215477842572942 0
1616001943650 0.16357773185619867 0
1616001943746 0.16270108530863117 0
1616001943752 0.16343660671471008 0
1616001943759 0.16378527287813113 0
1616001943904 0.16403193224461354 0
1616001943956 0.16577077146217062 0
1616001943956 0.16185188374192988 0
1616001943978 0.16139670950909996 0
1616001944000 0.16323705559968327 0
1616001943965 0.16514311777370702 0
1616001944006 0.16383647451519545 0
1616001944060 0.163439267837502 0
1616001944085 0.16522776750557316 0
1616001944102 0.16354185483227535 0
1616001944186 0.16338846469564672 0
1616001944291 0.16167455583883505 0
1616001944296 0.16567697262219389 0
1616001944267 0.16420979454510684 0
1616001944362 0.1632035211268441 0
1616001944314 0.16198199238695393 0
1616001944480 0.16321837700232206 0
1616001944535 0.1625989617285453 0
1616001944900 0.1637189316392905 0
1616001944887 0.1638938831064187 0
