1616002687795 1.0 0
1616002687864 1.0 0
1616002687919 1.0 0
1616002687950 1.0 0
1616002687957 1.0 0
1616002687962 1.0 0
1616002687967 1.0 0
1616002688031 1.0 0
1616002688045 1.0 0
1616002688067 1.0 0
1616002688127 1.0 0
1616002688189 1.0 0
1616002688218 1.0 0
1616002688278 1.0 0
1616002688290 1.0 0
1616002688301 1.0 0
1616002688356 1.0 0
1616002688361 1.0 0
1616002688369 1.0 0
1616002688379 1.0 0
1616002688380 1.0 0
1616002688435 1.0 0
1616002688460 1.0 0
1616002688467 1.0 0
1616002688511 1.0 0
1616002688548 1.0 0
1616002688635 1.0 0
1616002688724 1.0 0
1616002688730 1.0 0
1616002688775 1.0 0
1616002688797 1.0 0
1616002688833 1.0 0
1616002688879 1.0 0
1616002688942 1.0 0
1616002689091 1.0 0
1616002689129 1.0 0
1616002689172 1.0 0
1616002689176 1.0 0
1616002689195 1.0 0
1616002689211 1.0 0
1616002689235 1.0 0
1616002689230 1.0 0
1616002689347 1.0 0
1616002689429 1.0 0
1616002689464 1.0 0
1616002689465 1.0 0
1616002689471 1.0 0
1616002689543 1.0 0
1616002689549 1.0 0
1616002689575 1.0 0
1616002689602 1.0 0
1616002689626 1.0 0
1616002689635 1.0 0
1616002689690 1.0 0
1616002689752 1.0 0
1616002689751 1.0 0
1616002689854 1.0 0
1616002689938 1.0 0
1616002689927 1.0 0
1616002689971 1.0 0
1616002689988 1.0 0
1616002690007 1.0 0
1616002689991 1.0 0
1616002690071 1.0 0
1616002690093 1.0 0
1616002690121 1.0 0
1616002690163 1.0 0
1616002690243 1.0 0
1616002690223 1.0 0
1616002690227 1.0 0
1616002690314 1.0 0
1616002690339 1.0 0
1616002690352 1.0 0
1616002690383 1.0 0
1616002690402 1.0 0
1616002690444 1.0 0
1616002690470 1.0 0
1616002690474 1.0 0
1616002690487 1.0 0
1616002690492 1.0 0
1616002690495 1.0 0
1616002690560 1.0 0
1616002690519 1.0 0
1616002690561 1.0 0
1616002690674 1.0 0
1616002690668 1.0 0
1616002690680 1.0 0
1616002690727 1.0 0
1616002690738 1.0 0
1616002690758 1.0 0
1616002690761 1.0 0
1616002690785 1.0 0
1616002690813 1.0 0
1616002690837 1.0 0
1616002690849 1.0 0
1616002690858 1.0 0
1616002690873 1.0 0
1616002690902 1.0 0
1616002690913 1.0 0
1616002690916 1.0 0
