1616001983481 0.6794425087108014 0
1616001983458 0.7084785133565621 0
1616001984083 0.6829268292682927 0
1616001984547 0.6829268292682927 0
1616001985211 0.6910569105691057 0
1616001985667 0.7119628339140535 0
1616001985888 0.7096399535423926 0
1616001986274 0.6933797909407665 0
1616001986434 0.7061556329849012 0
1616001986825 0.7096399535423926 0
1616001986900 0.7073170731707317 0
1616001987032 0.6957026713124274 0
1616001987137 0.6887340301974448 0
1616001987478 0.7073170731707317 0
1616001987489 0.662020905923345 0
1616001987645 0.7166085946573751 0
1616001987877 0.6829268292682927 0
1616001988023 0.6991869918699187 0
1616001988220 0.70267131242741 0
1616001988531 0.7073170731707317 0
1616001988891 0.7174418604651163 0
1616001988938 0.6922183507549361 0
1616001988952 0.7061556329849012 0
1616001989005 0.6898954703832753 0
1616001989024 0.7084785133565621 0
1616001989058 0.7038327526132404 0
1616001989143 0.7038327526132404 0
1616001989256 0.6802325581395349 0
1616001989295 0.6957026713124274 0
1616001989526 0.7011627906976744 0
1616001989549 0.6941860465116279 0
1616001989563 0.6910569105691057 0
1616001989725 0.7174418604651163 0
1616001989751 0.6965116279069767 0
1616001989753 0.710801393728223 0
1616001989754 0.7058139534883721 0
1616001990031 0.7058139534883721 0
1616001990162 0.6779069767441861 0
1616001990177 0.7058139534883721 0
1616001990327 0.7174418604651163 0
1616001990366 0.7061556329849012 0
1616001990587 0.6976744186046512 0
1616001990580 0.7034883720930233 0
1616001990642 0.6953488372093023 0
1616001990645 0.7011627906976744 0
1616001990668 0.6941860465116279 0
1616001990718 0.6953488372093023 0
1616001990770 0.7034883720930233 0
1616001990785 0.6906976744186046 0
1616001990932 0.7069767441860465 0
1616001990982 0.7104651162790697 0
1616001991049 0.6953488372093023 0
1616001991102 0.6965116279069767 0
1616001991104 0.6976744186046512 0
1616001991179 0.6930232558139535 0
1616001991211 0.6953488372093023 0
1616001991197 0.6767441860465117 0
1616001991246 0.6883720930232559 0
1616001991273 0.6976744186046512 0
1616001991363 0.7011627906976744 0
1616001991410 0.6883720930232559 0
1616001991555 0.6732558139534883 0
1616001991569 0.6906976744186046 0
1616001991672 0.7034883720930233 0
1616001991674 0.7116279069767442 0
1616001991717 0.6872093023255814 0
1616001991725 0.7046511627906977 0
1616001991732 0.6941860465116279 0
1616001991760 0.6848837209302325 0
1616001991826 0.6941860465116279 0
1616001991844 0.6767441860465117 0
1616001991844 0.7 0
1616001991871 0.708139534883721 0
1616001991893 0.686046511627907 0
1616001991898 0.7 0
1616001991961 0.6848837209302325 0
1616001991978 0.6941860465116279 0
1616001992063 0.7046511627906977 0
1616001992098 0.6697674418604651 0
1616001992173 0.7127906976744186 0
1616001992174 0.686046511627907 0
1616001992245 0.7034883720930233 0
1616001992309 0.7093023255813954 0
1616001992278 0.7197674418604652 0
1616001992517 0.6930232558139535 0
1616001992582 0.6918604651162791 0
1616001992588 0.6953488372093023 0
1616001992611 0.710801393728223 0
1616001992638 0.7220930232558139 0
1616001992840 0.7034883720930233 0
1616001992876 0.6953488372093023 0
1616001992946 0.708139534883721 0
1616001992980 0.713953488372093 0
1616001992974 0.6976744186046512 0
1616001993000 0.7034883720930233 0
1616001993187 0.6930232558139535 0
1616001993250 0.6825581395348838 0
1616001993664 0.6825581395348838 0
1616001993697 0.713953488372093 0
1616001994801 0.6732558139534883 0
