1616001983481 0.6945404003859256 0
1616001983458 0.7142500947363143 0
1616001984083 0.6954145942769839 0
1616001984546 0.6919705316972183 0
1616001985211 0.7088910237098771 0
1616001985667 0.7191993857622319 0
1616001985888 0.7261920906368846 0
1616001986274 0.7149180961611725 0
1616001986434 0.7227183131434591 0
1616001986825 0.7238288731668511 0
1616001986900 0.722398417541554 0
1616001987032 0.701618868935942 0
1616001987137 0.7033825010427319 0
1616001987478 0.7254493884397045 0
1616001987489 0.6818913318776005 0
1616001987645 0.7319451899339611 0
1616001987877 0.7047359789966158 0
1616001988023 0.7139089363902639 0
1616001988220 0.7188729256443447 0
1616001988531 0.720686660971085 0
1616001988891 0.7275770818653126 0
1616001988938 0.7072533189550857 0
1616001988952 0.7238135631379325 0
1616001989005 0.7079511114807903 0
1616001989024 0.7212679787074946 0
1616001989058 0.7183650455257371 0
1616001989143 0.7200917618600546 0
1616001989256 0.6968863500517897 0
1616001989295 0.7096800945900202 0
1616001989526 0.7237090488937697 0
1616001989549 0.7135291688413243 0
1616001989563 0.70816870828773 0
1616001989725 0.7273280790778296 0
1616001989751 0.7172680775788276 0
1616001989753 0.7277226573719164 0
1616001989754 0.7192720354197769 0
1616001990031 0.7182064633995209 0
1616001990162 0.706923873228221 0
1616001990177 0.7164322095825041 0
1616001990327 0.7310800052971681 0
1616001990366 0.7146929535122539 0
1616001990587 0.7112078697044594 0
1616001990580 0.713946258806104 0
1616001990642 0.7087709350807089 0
1616001990645 0.716146824942494 0
1616001990668 0.7127041924841072 0
1616001990718 0.7171193854655279 0
1616001990770 0.7080486310832971 0
1616001990785 0.7116139451836092 0
1616001990931 0.713050086274223 0
1616001990982 0.7299698466022188 0
1616001991049 0.7079850724002497 0
1616001991102 0.7212206534624437 0
1616001991104 0.7136617750764112 0
1616001991179 0.7154721721783345 0
1616001991211 0.7068872671505695 0
1616001991197 0.6911910856918884 0
1616001991246 0.6996553310526784 0
1616001991273 0.7103142879969219 0
1616001991363 0.7110446680602092 0
1616001991410 0.6970601849071535 0
1616001991555 0.6892553896518189 0
1616001991569 0.7022188278625462 0
1616001991672 0.7184301484708046 0
1616001991674 0.7254303706046843 0
1616001991717 0.696172296198105 0
1616001991725 0.7142468964526124 0
1616001991732 0.7029931080816985 0
1616001991760 0.6966395425445094 0
1616001991826 0.7112749063085321 0
1616001991844 0.6959955946600465 0
1616001991844 0.7092801877753497 0
1616001991871 0.7179482834179398 0
1616001991893 0.7045988295874769 0
1616001991898 0.7148039134313131 0
1616001991961 0.706190130731555 0
1616001991978 0.704028410030462 0
1616001992063 0.7141189094533956 0
1616001992098 0.7058020145405887 0
1616001992173 0.7260003483691992 0
1616001992174 0.6952956924995297 0
1616001992245 0.7149568164012068 0
1616001992309 0.7225564455811408 0
1616001992278 0.7263335325228223 0
1616001992517 0.7027598897035838 0
1616001992582 0.7046524039669112 0
1616001992588 0.7113541607961205 0
1616001992611 0.7229390628898084 0
1616001992638 0.7309943460852696 0
1616001992840 0.7137189090494825 0
1616001992876 0.7078809846107418 0
1616001992946 0.7115794365428192 0
1616001992980 0.7299989338493226 0
1616001992974 0.706232384757773 0
1616001993000 0.7176011236114986 0
1616001993187 0.7025998069222689 0
1616001993250 0.698370742788156 0
1616001993664 0.7004385601744344 0
1616001993697 0.7281107873772438 0
1616001994801 0.6875836472838616 0
