1616001983481 1.2720197088272724 0
1616001983458 1.2787073977302912 0
1616001984083 1.2766932912298359 0
1616001984547 1.2790005533783575 0
1616001985211 1.2688699548683366 0
1616001985667 1.2742508113507993 0
1616001985888 1.2674385350758672 0
1616001986274 1.267241665492389 0
1616001986434 1.2713928527659424 0
1616001986825 1.2704433513390905 0
1616001986900 1.273589213547797 0
1616001987032 1.2784100048733202 0
1616001987137 1.2774069659692304 0
1616001987478 1.2753403461716641 0
1616001987489 1.2768448842789386 0
1616001987645 1.2663286399745277 0
1616001987877 1.2736723324804813 0
1616001988023 1.2675595081784468 0
1616001988220 1.2795913668473202 0
1616001988531 1.2786277976966054 0
1616001988891 1.268089674704571 0
1616001988938 1.268141161769548 0
1616001988952 1.2681529552686446 0
1616001989005 1.2736774542152407 0
1616001989024 1.2792448357815203 0
1616001989059 1.2762214779317935 0
1616001989143 1.2631083728428392 0
1616001989256 1.275220282812461 0
1616001989295 1.272927166175277 0
1616001989526 1.2708893710864433 0
1616001989549 1.2737534553998944 0
1616001989563 1.266975293518062 0
1616001989725 1.2767255270318099 0
1616001989751 1.2749018710958384 0
1616001989753 1.2646159396117476 0
1616001989754 1.2730539619955126 0
1616001990031 1.2764690550574938 0
1616001990162 1.2588037615495198 0
1616001990177 1.2724737454487711 0
1616001990327 1.2709186454076975 0
1616001990366 1.2756884384374785 0
1616001990587 1.2755356057810607 0
1616001990580 1.2774965107357037 0
1616001990642 1.2778589946340677 0
1616001990645 1.272483956942435 0
1616001990668 1.2785439449848217 0
1616001990718 1.2765215286223142 0
1616001990770 1.2788154084416943 0
1616001990785 1.2709430829198625 0
1616001990932 1.2669681991376625 0
1616001990982 1.2650815566852258 0
1616001991049 1.27995722995162 0
1616001991102 1.2751171185448418 0
1616001991104 1.2793003112703922 0
1616001991179 1.2790152994981834 0
1616001991211 1.2731377407920226 0
1616001991197 1.2695880429904467 0
1616001991246 1.2632343071535457 0
1616001991273 1.268339314821173 0
1616001991363 1.2654548936398624 0
1616001991410 1.2718391894730736 0
1616001991555 1.2731151450743636 0
1616001991569 1.2643729367139565 0
1616001991672 1.2768911025413292 0
1616001991674 1.2792724315386073 0
1616001991717 1.268396406678067 0
1616001991725 1.2839830920331128 0
1616001991732 1.272773869329923 0
1616001991760 1.2732604889353694 0
1616001991826 1.2740293981486275 0
1616001991844 1.272715668932135 0
1616001991844 1.2740703208393294 0
1616001991871 1.2731972760006107 0
1616001991893 1.2715202163263344 0
1616001991898 1.2696149604490414 0
1616001991961 1.2719874527674029 0
1616001991978 1.2726335838076117 0
1616001992063 1.2681034983825366 0
1616001992098 1.2712104494346477 0
1616001992173 1.2763294701533532 0
1616001992174 1.2696790445439425 0
1616001992245 1.2777697703373194 0
1616001992309 1.275720979091208 0
1616001992278 1.278302211546304 0
1616001992517 1.2724487288592727 0
1616001992582 1.2760134921283162 0
1616001992588 1.2680626285717265 0
1616001992611 1.269468280797812 0
1616001992638 1.2697655629937286 0
1616001992840 1.2701999136606315 0
1616001992876 1.274050962150396 0
1616001992946 1.2750288580602342 0
1616001992980 1.272239918987407 0
1616001992974 1.2686032365996969 0
1616001993000 1.2706306111430985 0
1616001993187 1.275551595168758 0
1616001993250 1.2726833176096037 0
1616001993664 1.2634796966281083 0
1616001993697 1.2757935588801406 0
1616001994801 1.2736170548814196 0
