1616001978928 0.7084785133565621 0
1616001979240 0.6794425087108014 0
1616001979749 0.6829268292682927 0
1616001980581 0.6829268292682927 0
1616001980973 0.7119628339140535 0
1616001981387 0.7096399535423926 0
1616001981551 0.6910569105691057 0
1616001981851 0.7061556329849012 0
1616001981887 0.7166085946573751 0
1616001981944 0.6933797909407665 0
1616001982057 0.7096399535423926 0
1616001982117 0.6957026713124274 0
1616001982186 0.7073170731707317 0
1616001982630 0.662020905923345 0
1616001982717 0.6887340301974448 0
1616001982781 0.6829268292682927 0
1616001982961 0.7073170731707317 0
1616001983042 0.6991869918699187 0
1616001983360 0.70267131242741 0
1616001983383 0.7174418604651163 0
1616001983410 0.6898954703832753 0
1616001983485 0.7061556329849012 0
1616001983530 0.7073170731707317 0
1616001983618 0.7011627906976744 0
1616001983654 0.7038327526132404 0
1616001983743 0.6922183507549361 0
1616001983922 0.6941860465116279 0
1616001983931 0.710801393728223 0
1616001983950 0.7174418604651163 0
1616001984027 0.7058139534883721 0
1616001984122 0.7084785133565621 0
1616001984241 0.6965116279069767 0
1616001984343 0.6957026713124274 0
1616001984360 0.7174418604651163 0
1616001984362 0.6802325581395349 0
1616001984432 0.7038327526132404 0
1616001984475 0.7058139534883721 0
1616001984475 0.6941860465116279 0
1616001984529 0.6953488372093023 0
1616001984554 0.7011627906976744 0
1616001984681 0.7034883720930233 0
1616001984660 0.6910569105691057 0
1616001984717 0.7058139534883721 0
1616001984818 0.6976744186046512 0
1616001984861 0.6779069767441861 0
1616001984863 0.7069767441860465 0
1616001985025 0.6965116279069767 0
1616001985060 0.7061556329849012 0
1616001985083 0.6976744186046512 0
1616001985204 0.7104651162790697 0
1616001985248 0.7 0
1616001985291 0.7116279069767442 0
1616001985291 0.6906976744186046 0
1616001985471 0.6953488372093023 0
1616001985490 0.7046511627906977 0
1616001985529 0.7034883720930233 0
1616001985564 0.6906976744186046 0
1616001985577 0.7034883720930233 0
1616001985586 0.6976744186046512 0
1616001985621 0.6883720930232559 0
1616001985616 0.6767441860465117 0
1616001985633 0.6953488372093023 0
1616001985652 0.6848837209302325 0
1616001985702 0.6872093023255814 0
1616001985723 0.6930232558139535 0
1616001985801 0.6953488372093023 0
1616001985864 0.7011627906976744 0
1616001985877 0.6883720930232559 0
1616001985865 0.6941860465116279 0
1616001985935 0.708139534883721 0
1616001986096 0.686046511627907 0
1616001986146 0.6941860465116279 0
1616001986169 0.6941860465116279 0
1616001986196 0.686046511627907 0
1616001986199 0.7 0
1616001986203 0.6767441860465117 0
1616001986234 0.7046511627906977 0
1616001986323 0.6697674418604651 0
1616001986332 0.7034883720930233 0
1616001986398 0.6930232558139535 0
1616001986427 0.6732558139534883 0
1616001986452 0.713953488372093 0
1616001986468 0.7220930232558139 0
1616001986512 0.708139534883721 0
1616001986519 0.7127906976744186 0
1616001986503 0.6848837209302325 0
1616001986574 0.6918604651162791 0
1616001986594 0.7093023255813954 0
1616001986619 0.6953488372093023 0
1616001986631 0.7197674418604652 0
1616001986650 0.6976744186046512 0
1616001986780 0.6953488372093023 0
1616001986893 0.713953488372093 0
1616001987049 0.6825581395348838 0
1616001987074 0.7034883720930233 0
1616001987340 0.710801393728223 0
1616001987411 0.7034883720930233 0
1616001987445 0.6930232558139535 0
1616001987613 0.6825581395348838 0
1616001988529 0.6732558139534883 0
