1616001248300 1.0 0
1616001248371 1.0 0
1616001248431 1.0 0
1616001248460 1.0 0
1616001248452 1.0 0
1616001248473 1.0 0
1616001248480 1.0 0
1616001248555 1.0 0
1616001248575 1.0 0
1616001248576 1.0 0
1616001248577 1.0 0
1616001248582 1.0 0
1616001248654 1.0 0
1616001248681 1.0 0
1616001248737 1.0 0
1616001248818 1.0 0
1616001248833 1.0 0
1616001248857 1.0 0
1616001248892 1.0 0
1616001248953 1.0 0
1616001248954 1.0 0
1616001248976 1.0 0
1616001248990 1.0 0
1616001249016 1.0 0
1616001249052 1.0 0
1616001249178 1.0 0
1616001249287 1.0 0
1616001249309 1.0 0
1616001249327 1.0 0
1616001249341 1.0 0
1616001249418 1.0 0
1616001249427 1.0 0
1616001249467 1.0 0
1616001249490 1.0 0
1616001249516 1.0 0
1616001249500 1.0 0
1616001249524 1.0 0
1616001249543 1.0 0
1616001249679 1.0 0
1616001249684 1.0 0
1616001249698 1.0 0
1616001249717 1.0 0
1616001249766 1.0 0
1616001249842 1.0 0
1616001249854 1.0 0
1616001249847 1.0 0
1616001249868 1.0 0
1616001249868 1.0 0
1616001249900 1.0 0
1616001249900 1.0 0
1616001249894 1.0 0
1616001249912 1.0 0
1616001249901 1.0 0
1616001249939 1.0 0
1616001249939 1.0 0
1616001249964 1.0 0
1616001249975 1.0 0
1616001249967 1.0 0
1616001249983 1.0 0
1616001250013 1.0 0
1616001250020 1.0 0
1616001250022 1.0 0
1616001250035 1.0 0
1616001250050 1.0 0
1616001250114 1.0 0
1616001250143 1.0 0
1616001250180 1.0 0
1616001250334 1.0 0
1616001250379 1.0 0
1616001250409 1.0 0
1616001250429 1.0 0
1616001250416 1.0 0
1616001250487 1.0 0
1616001250475 1.0 0
1616001250493 1.0 0
1616001250545 1.0 0
1616001250559 1.0 0
1616001250607 1.0 0
1616001250612 1.0 0
1616001250633 1.0 0
1616001250643 1.0 0
1616001250650 1.0 0
1616001250666 1.0 0
1616001250703 1.0 0
1616001250713 1.0 0
1616001250765 1.0 0
1616001250794 1.0 0
1616001250792 1.0 0
1616001250820 1.0 0
1616001250855 1.0 0
1616001250861 1.0 0
1616001250873 1.0 0
1616001250908 1.0 0
1616001250961 1.0 0
1616001251008 1.0 0
1616001250984 1.0 0
1616001251027 1.0 0
1616001251044 1.0 0
1616001251072 1.0 0
1616001251078 1.0 0
