1616001248595 1.0 0
1616001248697 1.0 0
1616001248843 1.0 0
1616001248868 1.0 0
1616001248872 1.0 0
1616001248917 1.0 0
1616001248937 1.0 0
1616001248965 1.0 0
1616001249010 1.0 0
1616001249014 1.0 0
1616001249035 1.0 0
1616001249063 1.0 0
1616001249108 1.0 0
1616001249226 1.0 0
1616001249230 1.0 0
1616001249292 1.0 0
1616001249304 1.0 0
1616001249336 1.0 0
1616001249386 1.0 0
1616001249421 1.0 0
1616001249442 1.0 0
1616001249521 1.0 0
1616001249528 1.0 0
1616001249535 1.0 0
1616001249598 1.0 0
1616001249722 1.0 0
1616001249728 1.0 0
1616001249903 1.0 0
1616001249908 1.0 0
1616001249917 1.0 0
1616001249922 1.0 0
1616001249931 1.0 0
1616001250007 1.0 0
1616001250018 1.0 0
1616001250011 1.0 0
1616001250037 1.0 0
1616001250055 1.0 0
1616001250120 1.0 0
1616001250215 1.0 0
1616001250224 1.0 0
1616001250222 1.0 0
1616001250288 1.0 0
1616001250314 1.0 0
1616001250374 1.0 0
1616001250378 1.0 0
1616001250381 1.0 0
1616001250416 1.0 0
1616001250417 1.0 0
1616001250418 1.0 0
1616001250419 1.0 0
1616001250451 1.0 0
1616001250464 1.0 0
1616001250495 1.0 0
1616001250496 1.0 0
1616001250478 1.0 0
1616001250509 1.0 0
1616001250511 1.0 0
1616001250510 1.0 0
1616001250528 1.0 0
1616001250536 1.0 0
1616001250539 1.0 0
1616001250551 1.0 0
1616001250585 1.0 0
1616001250596 1.0 0
1616001250650 1.0 0
1616001250702 1.0 0
1616001250765 1.0 0
1616001250793 1.0 0
1616001250844 1.0 0
1616001250840 1.0 0
1616001250867 1.0 0
1616001250918 1.0 0
1616001250941 1.0 0
1616001251001 1.0 0
1616001250995 1.0 0
1616001251052 1.0 0
1616001251052 1.0 0
1616001251061 1.0 0
1616001251085 1.0 0
1616001251130 1.0 0
1616001251151 1.0 0
1616001251167 1.0 0
1616001251180 1.0 0
1616001251205 1.0 0
1616001251207 1.0 0
1616001251302 1.0 0
1616001251304 1.0 0
1616001251343 1.0 0
1616001251343 1.0 0
1616001251345 1.0 0
1616001251348 1.0 0
1616001251398 1.0 0
1616001251442 1.0 0
1616001251440 1.0 0
1616001251458 1.0 0
1616001251456 1.0 0
1616001251491 1.0 0
1616001251546 1.0 0
1616001251602 1.0 0
1616001251650 1.0 0
