1616001248595 0.1730102354002453 0
1616001248697 0.17429342963096975 0
1616001248843 0.17262147017319873 0
1616001248868 0.17264639589199776 0
1616001248872 0.17167119186414032 0
1616001248917 0.17133137469182133 0
1616001248937 0.17097039225624952 0
1616001248965 0.1700717610050634 0
1616001249010 0.17129123948038164 0
1616001249014 0.17114074602097892 0
1616001249035 0.1705098824548753 0
1616001249063 0.1689849643014413 0
1616001249108 0.1691905148758688 0
1616001249226 0.17040166541786653 0
1616001249230 0.1715877886440963 0
1616001249292 0.17082786618173348 0
1616001249304 0.17426509920168268 0
1616001249336 0.17217694389146226 0
1616001249386 0.17096224187704012 0
1616001249421 0.17404603092976698 0
1616001249442 0.17437238704120056 0
1616001249521 0.1728246643915769 0
1616001249528 0.17172722798460066 0
1616001249535 0.1707771699599013 0
1616001249598 0.17123754336275646 0
1616001249722 0.17061594185896084 0
1616001249728 0.16951457465532857 0
1616001249903 0.17106703256040898 0
1616001249908 0.1724265196197429 0
1616001249917 0.1745384137808637 0
1616001249922 0.17107006991321577 0
1616001249931 0.172173725617759 0
1616001250007 0.16925491873995388 0
1616001250018 0.17095289535887254 0
1616001250011 0.1733917258481188 0
1616001250037 0.17061685817884936 0
1616001250055 0.17246770372449952 0
1616001250120 0.17371518540726716 0
1616001250215 0.17025888479182552 0
1616001250224 0.1705482217844161 0
1616001250222 0.17223830410711363 0
1616001250288 0.17081000486699963 0
1616001250314 0.17118096225823365 0
1616001250374 0.1708647814377691 0
1616001250378 0.17169644535645498 0
1616001250381 0.17010188084644096 0
1616001250416 0.16906541090754293 0
1616001250417 0.17294817439237595 0
1616001250418 0.17300310982634756 0
1616001250419 0.1708067825826556 0
1616001250451 0.17109418248344063 0
1616001250464 0.17362541225459754 0
1616001250495 0.17106457602402017 0
1616001250496 0.17061786986218333 0
1616001250478 0.1708920527968906 0
1616001250509 0.16992016159718437 0
1616001250511 0.1707797357266702 0
1616001250510 0.1711463894456151 0
1616001250528 0.1711967833717671 0
1616001250536 0.1722997811378649 0
1616001250539 0.17034881771812635 0
1616001250551 0.16968274694103247 0
1616001250585 0.17451007936182178 0
1616001250596 0.17165136155718513 0
1616001250650 0.17046986817840662 0
1616001250702 0.17180979355217663 0
1616001250765 0.1721485769339266 0
1616001250793 0.17286993836972125 0
1616001250844 0.17209777094136283 0
1616001250840 0.1714071170273859 0
1616001250867 0.17226661991292105 0
1616001250918 0.17174357057474413 0
1616001250941 0.17055878616570558 0
1616001251001 0.17143697593053683 0
1616001250995 0.17135482955674353 0
1616001251052 0.17251324196955628 0
1616001251052 0.1713981390726132 0
1616001251061 0.17077272606837873 0
1616001251085 0.1719800287235981 0
1616001251130 0.17302457357612297 0
1616001251151 0.17136032955050562 0
1616001251167 0.17215664575533351 0
1616001251180 0.17222731139231726 0
1616001251207 0.17117386933020529 0
1616001251205 0.17390387011918934 0
1616001251302 0.17121280994625043 0
1616001251304 0.1717678932762132 0
1616001251343 0.1704096416260848 0
1616001251343 0.17216942628622364 0
1616001251348 0.17166732734213988 0
1616001251345 0.17161642729549445 0
1616001251398 0.17171698092147306 0
1616001251442 0.17224865810267034 0
1616001251458 0.1730382213115478 0
1616001251440 0.17121700794180805 0
1616001251456 0.17013379720271155 0
1616001251491 0.16990313213125702 0
1616001251546 0.17124063387981092 0
1616001251602 0.17136680959946674 0
1616001251650 0.1719059554554346 0
