1616454261766 0.6033333333333334 0
1616454261775 0.6 0
1616454261777 0.5913621262458472 0
1616454261779 0.5966666666666667 0
1616454261786 0.6079734219269103 0
1616454261789 0.5966666666666667 0
1616454261794 0.6146179401993356 0
1616454261801 0.6079734219269103 0
1616454261805 0.5946843853820598 0
1616454261810 0.6046511627906976 0
1616454261818 0.6079734219269103 0
1616454261822 0.6046511627906976 0
1616454261832 0.6046511627906976 0
1616454261840 0.6013289036544851 0
1616454261847 0.6179401993355482 0
1616454261855 0.6079734219269103 0
1616454261869 0.5913621262458472 0
1616454261884 0.6046511627906976 0
1616454261891 0.5913621262458472 0
1616454261901 0.6079734219269103 0
1616454261921 0.6013289036544851 0
1616454261924 0.6046511627906976 0
1616454261939 0.6079734219269103 0
1616454261947 0.6079734219269103 0
1616454261960 0.6013289036544851 0
1616454261969 0.6112956810631229 0
1616454261985 0.5946843853820598 0
1616454261989 0.6013289036544851 0
1616454262011 0.6013289036544851 0
1616454262019 0.5980066445182725 0
1616454262041 0.5980066445182725 0
1616454262085 0.6046511627906976 0
1616454262125 0.6079734219269103 0
1616454262138 0.5980066445182725 0
1616454262165 0.6046511627906976 0
1616454262237 0.6013289036544851 0
1616454262238 0.6013289036544851 0
1616454262242 0.6046511627906976 0
1616454262259 0.5946843853820598 0
1616454262264 0.6046511627906976 0
1616454262336 0.6079734219269103 0
1616454262341 0.6112956810631229 0
1616454262366 0.6179401993355482 0
1616454262384 0.6046511627906976 0
1616454262387 0.6013289036544851 0
1616454262400 0.5980066445182725 0
1616454262404 0.5980066445182725 0
1616454262418 0.6046511627906976 0
1616454262430 0.6046511627906976 0
1616454262459 0.6013289036544851 0
1616454262476 0.6013289036544851 0
1616454262524 0.6146179401993356 0
1616454262572 0.6013289036544851 0
1616454262589 0.6245847176079734 0
1616454262602 0.6046511627906976 0
1616454262611 0.6079734219269103 0
1616454262626 0.6046511627906976 0
1616454262632 0.5946843853820598 0
1616454262673 0.6146179401993356 0
1616454262706 0.6046511627906976 0
1616454262747 0.5946843853820598 0
1616454262748 0.6046511627906976 0
1616454262813 0.6112956810631229 0
1616454262899 0.6046511627906976 0
1616454262883 0.6212624584717608 0
1616454262944 0.6046511627906976 0
1616454262982 0.5946843853820598 0
1616454263055 0.6046511627906976 0
1616454263069 0.6013289036544851 0
1616454263083 0.6046511627906976 0
1616454263113 0.6046511627906976 0
1616454263141 0.5980066445182725 0
1616454263145 0.5980066445182725 0
1616454263184 0.6046511627906976 0
1616454263176 0.6046511627906976 0
1616454263244 0.6079734219269103 0
1616454263279 0.6013289036544851 0
1616454263304 0.5913621262458472 0
1616454263314 0.6046511627906976 0
1616454263353 0.5946843853820598 0
1616454263368 0.5880398671096345 0
1616454263407 0.5980066445182725 0
1616454263462 0.584717607973422 0
1616454263510 0.6046511627906976 0
1616454263521 0.6112956810631229 0
1616454263636 0.6013289036544851 0
1616454263675 0.6079734219269103 0
1616454263686 0.6013289036544851 0
1616454263749 0.6146179401993356 0
1616454263761 0.5980066445182725 0
1616454263845 0.6013289036544851 0
1616454263909 0.6046511627906976 0
1616454263936 0.6013289036544851 0
1616454263988 0.6046511627906976 0
1616454264023 0.6046511627906976 0
1616454264065 0.5913621262458472 0
1616454264101 0.6112956810631229 0
1616454264133 0.5946843853820598 0
1616454264179 0.6046511627906976 0
1616454264219 0.6112956810631229 0
