1616454261797 0.5082430854079569 0
1616454261804 0.5030001700506227 0
1616454261804 0.48941070281073473 0
1616454261810 0.4932201213818861 0
1616454261816 0.5193081901572978 0
1616454261821 0.4976423610296054 0
1616454261827 0.531699692907016 0
1616454261832 0.5181287233711408 0
1616454261837 0.49093475942393716 0
1616454261840 0.5111957623524818 0
1616454261848 0.5181249300843765 0
1616454261850 0.5129096963393321 0
1616454261865 0.5069730122857629 0
1616454261868 0.5113950316975203 0
1616454261872 0.5406076279124125 0
1616454261905 0.5181305969151515 0
1616454261918 0.48941070281073473 0
1616454261935 0.5113950316975203 0
1616454261946 0.4856246448949671 0
1616454261952 0.5166733547602349 0
1616454261976 0.5126969171646234 0
1616454261981 0.5060449170821777 0
1616454261992 0.5162070106164505 0
1616454261996 0.5166733547602349 0
1616454262010 0.5074257583279235 0
1616454262019 0.5230315685660614 0
1616454262038 0.4966659674227543 0
1616454262038 0.5102608234598958 0
1616454262064 0.50762114512663 0
1616454262069 0.5020827845254506 0
1616454262093 0.5036641566075549 0
1616454262187 0.5129096963393321 0
1616454262190 0.5181464776896333 0
1616454262219 0.5005308252527401 0
1616454262269 0.5126969171646234 0
1616454262288 0.50762114512663 0
1616454262308 0.4966659674227543 0
1616454262327 0.5126969171646234 0
1616454262325 0.5074257583279235 0
1616454262332 0.5126969171646234 0
1616454262400 0.5218818471875867 0
1616454262439 0.5193015321030969 0
1616454262447 0.5004591781919375 0
1616454262468 0.531825068076778 0
1616454262479 0.5168142558262923 0
1616454262488 0.5089455388416806 0
1616454262498 0.5115893469725578 0
1616454262516 0.5036641566075549 0
1616454262521 0.5111957623524818 0
1616454262560 0.5089455388416806 0
1616454262564 0.5058629498047622 0
1616454262607 0.5296513223060064 0
1616454262687 0.5069730122857629 0
1616454262676 0.5432444570632114 0
1616454262699 0.5166009831298795 0
1616454262704 0.5111957623524818 0
1616454262714 0.5126969171646234 0
1616454262738 0.4880103527346204 0
1616454262773 0.5293940113762594 0
1616454262818 0.5113950316975203 0
1616454262843 0.5113950316975203 0
1616454262915 0.5213220527223212 0
1616454262931 0.4893701077420723 0
1616454263028 0.5141573732545004 0
1616454263030 0.5383461418776468 0
1616454263091 0.5126969171646234 0
1616454263173 0.4933637707625338 0
1616454263197 0.5126969171646234 0
1616454263210 0.5089455388416806 0
1616454263252 0.5126969171646234 0
1616454263234 0.5154319764442882 0
1616454263284 0.5004559334029709 0
1616454263308 0.5004559334029709 0
1616454263334 0.5113950316975203 0
1616454263337 0.5142113372836947 0
1616454263433 0.5164564266408692 0
1616454263441 0.509837287079192 0
1616454263459 0.48941070281073473 0
1616454263460 0.4933370185264024 0
1616454263466 0.5089455388416806 0
1616454263482 0.48187690862109467 0
1616454263568 0.4989327201285354 0
1616454263575 0.47745320380377043 0
1616454263622 0.5141520304419673 0
1616454263669 0.518589747570404 0
1616454263777 0.5193015321030969 0
1616454263783 0.50762114512663 0
1616454263796 0.5089455388416806 0
1616454263908 0.5258765909633076 0
1616454263917 0.5037087574913793 0
1616454264012 0.5074257583279235 0
1616454264037 0.5113950316975203 0
1616454264099 0.5074257583279235 0
1616454264151 0.5129096963393321 0
1616454264141 0.5126969171646234 0
1616454264221 0.48941070281073473 0
1616454264257 0.5218818471875867 0
1616454264267 0.49651832854612576 0
1616454264309 0.5247273373128366 0
1616454264328 0.5096516060514612 0
