1616454261797 0.6033333333333334 0
1616454261804 0.6 0
1616454261804 0.5913621262458472 0
1616454261810 0.5966666666666667 0
1616454261816 0.6079734219269103 0
1616454261821 0.5966666666666667 0
1616454261827 0.6146179401993356 0
1616454261832 0.6079734219269103 0
1616454261837 0.5946843853820598 0
1616454261840 0.6046511627906976 0
1616454261848 0.6079734219269103 0
1616454261850 0.6046511627906976 0
1616454261865 0.6013289036544851 0
1616454261868 0.6046511627906976 0
1616454261872 0.6179401993355482 0
1616454261905 0.6079734219269103 0
1616454261918 0.5913621262458472 0
1616454261935 0.6046511627906976 0
1616454261946 0.5913621262458472 0
1616454261952 0.6079734219269103 0
1616454261976 0.6046511627906976 0
1616454261981 0.6013289036544851 0
1616454261992 0.6079734219269103 0
1616454261996 0.6079734219269103 0
1616454262010 0.6013289036544851 0
1616454262019 0.6112956810631229 0
1616454262038 0.5946843853820598 0
1616454262038 0.6013289036544851 0
1616454262064 0.6013289036544851 0
1616454262069 0.5980066445182725 0
1616454262093 0.5980066445182725 0
1616454262187 0.6046511627906976 0
1616454262190 0.6079734219269103 0
1616454262219 0.5980066445182725 0
1616454262269 0.6046511627906976 0
1616454262288 0.6013289036544851 0
1616454262308 0.5946843853820598 0
1616454262327 0.6046511627906976 0
1616454262325 0.6013289036544851 0
1616454262332 0.6046511627906976 0
1616454262400 0.6112956810631229 0
1616454262439 0.6079734219269103 0
1616454262447 0.5980066445182725 0
1616454262468 0.6179401993355482 0
1616454262479 0.6046511627906976 0
1616454262488 0.6013289036544851 0
1616454262498 0.6046511627906976 0
1616454262516 0.5980066445182725 0
1616454262521 0.6046511627906976 0
1616454262560 0.6013289036544851 0
1616454262564 0.6013289036544851 0
1616454262607 0.6146179401993356 0
1616454262687 0.6013289036544851 0
1616454262676 0.6245847176079734 0
1616454262699 0.6079734219269103 0
1616454262704 0.6046511627906976 0
1616454262714 0.6046511627906976 0
1616454262738 0.5946843853820598 0
1616454262773 0.6146179401993356 0
1616454262818 0.6046511627906976 0
1616454262843 0.6046511627906976 0
1616454262915 0.6112956810631229 0
1616454262931 0.5946843853820598 0
1616454263028 0.6046511627906976 0
1616454263030 0.6212624584717608 0
1616454263091 0.6046511627906976 0
1616454263173 0.5946843853820598 0
1616454263197 0.6046511627906976 0
1616454263210 0.6013289036544851 0
1616454263252 0.6046511627906976 0
1616454263234 0.6046511627906976 0
1616454263284 0.5980066445182725 0
1616454263308 0.5980066445182725 0
1616454263334 0.6046511627906976 0
1616454263337 0.6046511627906976 0
1616454263433 0.6079734219269103 0
1616454263441 0.6046511627906976 0
1616454263459 0.5913621262458472 0
1616454263460 0.5946843853820598 0
1616454263466 0.6013289036544851 0
1616454263482 0.5880398671096345 0
1616454263568 0.5980066445182725 0
1616454263575 0.584717607973422 0
1616454263622 0.6046511627906976 0
1616454263669 0.6112956810631229 0
1616454263777 0.6079734219269103 0
1616454263783 0.6013289036544851 0
1616454263796 0.6013289036544851 0
1616454263908 0.6146179401993356 0
1616454263917 0.5980066445182725 0
1616454264012 0.6013289036544851 0
1616454264037 0.6046511627906976 0
1616454264099 0.6013289036544851 0
1616454264151 0.6046511627906976 0
1616454264141 0.6046511627906976 0
1616454264221 0.5913621262458472 0
1616454264257 0.6112956810631229 0
1616454264267 0.5946843853820598 0
1616454264309 0.6112956810631229 0
1616454264328 0.6046511627906976 0
