1616454261797 0.6723589212719648 0
1616454261804 0.6683294625082946 0
1616454261804 0.6583680151600562 0
1616454261810 0.5358418125084792 0
1616454261816 0.6873349597283349 0
1616454261821 0.663953823953824 0
1616454261827 0.6769561367767818 0
1616454261832 0.6815721179189814 0
1616454261837 0.5353997084603094 0
1616454261840 0.6754636559453835 0
1616454261848 0.6943487731874269 0
1616454261850 0.6780559898377957 0
1616454261865 0.6869022450417799 0
1616454261868 0.6756020834093923 0
1616454261872 0.6817075845072628 0
1616454261905 0.6734772978959026 0
1616454261918 0.6583680151600562 0
1616454261935 0.6756020834093923 0
1616454261946 0.5478144452306991 0
1616454261952 0.679294508501075 0
1616454261976 0.677889876880985 0
1616454261981 0.6716965346654703 0
1616454261992 0.6918224366026098 0
1616454261996 0.679294508501075 0
1616454262010 0.674211724045611 0
1616454262019 0.6847053033099545 0
1616454262038 0.6661854424645122 0
1616454262038 0.6676755407983418 0
1616454262064 0.67435015150962 0
1616454262069 0.6703203433809443 0
1616454262093 0.6729841310406095 0
1616454262187 0.6780559898377957 0
1616454262190 0.6904147938245065 0
1616454262219 0.6776737995501538 0
1616454262269 0.677889876880985 0
1616454262288 0.67435015150962 0
1616454262308 0.6661854424645122 0
1616454262327 0.677889876880985 0
1616454262325 0.674211724045611 0
1616454262332 0.677889876880985 0
1616454262399 0.6827994583293647 0
1616454262439 0.6835117509536114 0
1616454262447 0.6889327992132123 0
1616454262468 0.6890939742370538 0
1616454262479 0.6737111028382997 0
1616454262488 0.6766757865937073 0
1616454262498 0.6757405108734013 0
1616454262516 0.6729841310406095 0
1616454262521 0.6754636559453835 0
1616454262560 0.6766757865937073 0
1616454262564 0.6715882001284199 0
1616454262607 0.6941673608052098 0
1616454262687 0.6869022450417799 0
1616454262676 0.6969812404766069 0
1616454262699 0.6822216543146776 0
1616454262704 0.6754636559453835 0
1616454262714 0.677889876880985 0
1616454262738 0.5489734458280552 0
1616454262773 0.6897500696768193 0
1616454262818 0.6756020834093923 0
1616454262843 0.6756020834093923 0
1616454262915 0.7143538212790767 0
1616454262931 0.5490103185930572 0
1616454263028 0.6801776272298884 0
1616454263030 0.6941375191309866 0
1616454263091 0.677889876880985 0
1616454263172 0.6597263034170096 0
1616454263197 0.677889876880985 0
1616454263210 0.6766757865937073 0
1616454263252 0.677889876880985 0
1616454263234 0.6714285714285714 0
1616454263284 0.6674720628209 0
1616454263308 0.6674720628209 0
1616454263334 0.6756020834093923 0
1616454263337 0.6836207738909518 0
1616454263433 0.6791283955442643 0
1616454263441 0.6729886414796337 0
1616454263459 0.6583680151600562 0
1616454263460 0.6706730436598439 0
1616454263466 0.6766757865937073 0
1616454263482 0.6491920599197418 0
1616454263568 0.6644518272425249 0
1616454263575 0.6881953771117553 0
1616454263620 0.6720684139288791 0
1616454263669 0.7142239622571602 0
1616454263777 0.6835117509536114 0
1616454263783 0.67435015150962 0
1616454263796 0.6766757865937073 0
1616454263908 0.6842429860536786 0
1616454263917 0.6643169826069963 0
1616454264012 0.674211724045611 0
1616454264037 0.6756020834093923 0
1616454264099 0.674211724045611 0
1616454264151 0.6780559898377957 0
1616454264141 0.677889876880985 0
1616454264221 0.6583680151600562 0
1616454264257 0.6827994583293647 0
1616454264267 0.6875984983868454 0
1616454264309 0.6908595280688304 0
1616454264328 0.6728803069425833 0
