1616002688114 0.15843641108168294 0
1616002688117 0.15827710862945082 0
1616002688182 0.15741566234667925 0
1616002688255 0.15738638446038364 0
1616002688279 0.15830522241731623 0
1616002688293 0.15758458014469742 0
1616002688337 0.15727810288667676 0
1616002688344 0.1580635062112081 0
1616002688364 0.15893271195214723 0
1616002688408 0.15747150529051657 0
1616002688459 0.156061136236072 0
1616002688618 0.15693072484455273 0
1616002688627 0.15804126705162855 0
1616002688622 0.15712614883274287 0
1616002688662 0.15735535221950814 0
1616002688697 0.1571187817308537 0
1616002688752 0.15855009389749514 0
1616002688779 0.15619479929447785 0
1616002688786 0.15728798907787278 0
1616002688897 0.15624375471164217 0
1616002688908 0.1574771589181408 0
1616002688926 0.1579703411773386 0
1616002688983 0.15718221049846853 0
1616002689012 0.1548869540948524 0
1616002689034 0.15570218551179876 0
1616002689147 0.15911925221824974 0
1616002689242 0.15678895281705127 0
1616002689244 0.1574979302609536 0
1616002689267 0.15894504530805353 0
1616002689255 0.15626339552934213 0
1616002689273 0.1588192332486303 0
1616002689314 0.15756646355074294 0
1616002689371 0.15954094882484837 0
1616002689455 0.15924719379432203 0
1616002689658 0.15888633389647192 0
1616002689676 0.15713177738527673 0
1616002689663 0.15773905281782283 0
1616002689746 0.15629922506074287 0
1616002689724 0.15895749379435523 0
1616002689764 0.15735006054265235 0
1616002689817 0.15639963189157086 0
1616002689832 0.15681034162082286 0
1616002689838 0.1581569212343094 0
1616002689837 0.15541337258692997 0
1616002689936 0.15859964197414012 0
1616002689986 0.15679604703676256 0
1616002690088 0.16001254790678923 0
1616002690088 0.16050315044714106 0
1616002690121 0.15740639352298894 0
1616002690144 0.16070952718879947 0
1616002690152 0.1568491302024757 0
1616002690148 0.15943621754741066 0
1616002690163 0.15840871911734786 0
1616002690161 0.15906836975920383 0
1616002690303 0.15602580545687578 0
1616002690349 0.1560954417521842 0
1616002690359 0.1568985272539528 0
1616002690383 0.15663174936821297 0
1616002690362 0.1581761483130557 0
1616002690476 0.15783553218536886 0
1616002690499 0.15536326051655067 0
1616002690509 0.15836618158597507 0
1616002690516 0.15575213440944696 0
1616002690547 0.15907238891596928 0
1616002690589 0.15870520508184027 0
1616002690593 0.15707821215956239 0
1616002690697 0.1571364597579459 0
1616002690747 0.15924040729755884 0
1616002690778 0.15775372406388488 0
1616002690787 0.15758568182000307 0
1616002690791 0.15733717188409752 0
1616002690833 0.1572835827747182 0
1616002690858 0.1575254316137007 0
1616002690864 0.1581415532324378 0
1616002690904 0.15965630301619158 0
1616002690953 0.1575297495696081 0
1616002690973 0.15864939706558723 0
1616002690973 0.15713031856645815 0
1616002690979 0.15743732906854838 0
1616002690980 0.155511525316289 0
1616002690985 0.15751053132368195 0
1616002690999 0.15600831434577184 0
1616002691021 0.15678286476731232 0
1616002691029 0.15739894708823396 0
1616002691141 0.156924932383955 0
1616002691133 0.1568496488746537 0
1616002691279 0.1594695083569711 0
1616002691286 0.15905655221699164 0
1616002691293 0.15596574413525863 0
1616002691277 0.1566049581419012 0
1616002691282 0.15781352080966535 0
1616002691326 0.1602628389622718 0
1616002691345 0.15804016966275375 0
1616002691350 0.1573420595149788 0
1616002691369 0.15915661080454932 0
1616002691400 0.15813215723478286 0
1616002691391 0.15601172539978395 0
1616002691438 0.15863294816444526 0
1616002691485 0.1600053374784749 0
1616002691485 0.15765985189052614 0
