1616002688114 1.0 0
1616002688117 1.0 0
1616002688182 1.0 0
1616002688255 1.0 0
1616002688279 1.0 0
1616002688293 1.0 0
1616002688337 1.0 0
1616002688344 1.0 0
1616002688364 1.0 0
1616002688408 1.0 0
1616002688459 1.0 0
1616002688618 1.0 0
1616002688622 1.0 0
1616002688627 1.0 0
1616002688662 1.0 0
1616002688697 1.0 0
1616002688752 1.0 0
1616002688779 1.0 0
1616002688786 1.0 0
1616002688897 1.0 0
1616002688907 1.0 0
1616002688926 1.0 0
1616002688983 1.0 0
1616002689012 1.0 0
1616002689034 1.0 0
1616002689147 1.0 0
1616002689242 1.0 0
1616002689243 1.0 0
1616002689267 1.0 0
1616002689273 1.0 0
1616002689255 1.0 0
1616002689314 1.0 0
1616002689371 1.0 0
1616002689455 1.0 0
1616002689658 1.0 0
1616002689662 1.0 0
1616002689676 1.0 0
1616002689746 1.0 0
1616002689724 1.0 0
1616002689764 1.0 0
1616002689817 1.0 0
1616002689832 1.0 0
1616002689837 1.0 0
1616002689838 1.0 0
1616002689936 1.0 0
1616002689986 1.0 0
1616002690088 1.0 0
1616002690088 1.0 0
1616002690121 1.0 0
1616002690144 1.0 0
1616002690152 1.0 0
1616002690148 1.0 0
1616002690163 1.0 0
1616002690161 1.0 0
1616002690303 1.0 0
1616002690349 1.0 0
1616002690358 1.0 0
1616002690362 1.0 0
1616002690383 1.0 0
1616002690476 1.0 0
1616002690499 1.0 0
1616002690509 1.0 0
1616002690516 1.0 0
1616002690547 1.0 0
1616002690589 1.0 0
1616002690593 1.0 0
1616002690696 1.0 0
1616002690747 1.0 0
1616002690778 1.0 0
1616002690787 1.0 0
1616002690791 1.0 0
1616002690833 1.0 0
1616002690858 1.0 0
1616002690864 1.0 0
1616002690904 1.0 0
1616002690953 1.0 0
1616002690973 1.0 0
1616002690973 1.0 0
1616002690979 1.0 0
1616002690980 1.0 0
1616002690985 1.0 0
1616002690999 1.0 0
1616002691021 1.0 0
1616002691029 1.0 0
1616002691133 1.0 0
1616002691141 1.0 0
1616002691279 1.0 0
1616002691286 1.0 0
1616002691293 1.0 0
1616002691277 1.0 0
1616002691282 1.0 0
1616002691326 1.0 0
1616002691345 1.0 0
1616002691350 1.0 0
1616002691369 1.0 0
1616002691400 1.0 0
1616002691391 1.0 0
1616002691438 1.0 0
1616002691484 1.0 0
1616002691484 1.0 0
