1616001542883 1.0 0
1616001543179 1.0 0
1616001543157 1.0 0
1616001543267 1.0 0
1616001543311 1.0 0
1616001543364 1.0 0
1616001543389 1.0 0
1616001543378 1.0 0
1616001543437 1.0 0
1616001543503 1.0 0
1616001543536 1.0 0
1616001543585 1.0 0
1616001543630 1.0 0
1616001543781 1.0 0
1616001543792 1.0 0
1616001543899 1.0 0
1616001543937 1.0 0
1616001543942 1.0 0
1616001543957 1.0 0
1616001544044 1.0 0
1616001544067 1.0 0
1616001544231 1.0 0
1616001544234 1.0 0
1616001544293 1.0 0
1616001544270 1.0 0
1616001544322 1.0 0
1616001544460 1.0 0
1616001544446 1.0 0
1616001544492 1.0 0
1616001544640 1.0 0
1616001544646 1.0 0
1616001544636 1.0 0
1616001544673 1.0 0
1616001544769 1.0 0
1616001544770 1.0 0
1616001544769 1.0 0
1616001544824 1.0 0
1616001544969 1.0 0
1616001544981 1.0 0
1616001544983 1.0 0
1616001544996 1.0 0
1616001545028 1.0 0
1616001545065 1.0 0
1616001545101 1.0 0
1616001545109 1.0 0
1616001545140 1.0 0
1616001545154 1.0 0
1616001545107 1.0 0
1616001545159 1.0 0
1616001545271 1.0 0
1616001545293 1.0 0
1616001545298 1.0 0
1616001545348 1.0 0
1616001545410 1.0 0
1616001545419 1.0 0
1616001545420 1.0 0
1616001545508 1.0 0
1616001545494 1.0 0
1616001545492 1.0 0
1616001545529 1.0 0
1616001545590 1.0 0
1616001545602 1.0 0
1616001545604 1.0 0
1616001545734 1.0 0
1616001545775 1.0 0
1616001545839 1.0 0
1616001545881 1.0 0
1616001545885 1.0 0
1616001545939 1.0 0
1616001546064 1.0 0
1616001546095 1.0 0
1616001546289 1.0 0
1616001546381 1.0 0
1616001546394 1.0 0
1616001546465 1.0 0
1616001546480 1.0 0
1616001546493 1.0 0
1616001546493 1.0 0
1616001546555 1.0 0
1616001546558 1.0 0
1616001546588 1.0 0
1616001546612 1.0 0
1616001546614 1.0 0
1616001546596 1.0 0
1616001546611 1.0 0
1616001546662 1.0 0
1616001546662 1.0 0
1616001546694 1.0 0
1616001546622 1.0 0
1616001546711 1.0 0
1616001546720 1.0 0
1616001546752 1.0 0
1616001546772 1.0 0
1616001546848 1.0 0
1616001546884 1.0 0
1616001546901 1.0 0
1616001546980 1.0 0
1616001547002 1.0 0
1616001547142 1.0 0
1616001547576 1.0 0
