1616001543820 0.1452917746594832 0
1616001543827 0.14470522387378043 0
1616001543846 0.1432043072335835 0
1616001543823 0.1471891227883236 0
1616001543876 0.14432395663077746 0
1616001543905 0.1471240733895689 0
1616001543932 0.14436178950727271 0
1616001543961 0.14639585679053846 0
1616001543946 0.1446117589469402 0
1616001544028 0.14517432969327165 0
1616001544073 0.14450968656554877 0
1616001544117 0.14475414000967257 0
1616001544308 0.14577481561847902 0
1616001544405 0.14472287077193363 0
1616001544406 0.14662135816558253 0
1616001544496 0.14429731459599915 0
1616001544522 0.14515450561858115 0
1616001544508 0.1434886066874522 0
1616001544633 0.14575618158969172 0
1616001544638 0.1468340666738844 0
1616001544702 0.14724942310103736 0
1616001544740 0.14696509659968388 0
1616001544773 0.14415222387939908 0
1616001544871 0.14656169003855474 0
1616001544975 0.14605661999388342 0
1616001544998 0.1465832679200213 0
1616001545028 0.14622690116468204 0
1616001545046 0.14626151967604992 0
1616001545088 0.14623850694424376 0
1616001545198 0.14537466697781082 0
1616001545262 0.14548287632084667 0
1616001545282 0.14677032643148 0
1616001545289 0.1456571200941479 0
1616001545305 0.145551105503028 0
1616001545355 0.1435602957823095 0
1616001545376 0.14359131545557424 0
1616001545412 0.14709160008266312 0
1616001545467 0.14586764121762444 0
1616001545543 0.14545291845940608 0
1616001545569 0.14371746857004974 0
1616001545570 0.14784232634181899 0
1616001545570 0.14544742722779574 0
1616001545649 0.14423201421217277 0
1616001545650 0.14615724993933385 0
1616001545699 0.14688214225200177 0
1616001545688 0.1451217192930413 0
1616001545715 0.14625957191267763 0
1616001545723 0.1437487828844867 0
1616001545741 0.14657087615687037 0
1616001545757 0.1459880036168445 0
1616001545807 0.14835880666668647 0
1616001545810 0.14518348090556232 0
1616001545881 0.14391586486921928 0
1616001545879 0.14708181826393515 0
1616001545938 0.1461732563906031 0
1616001545952 0.14487989293895906 0
1616001546065 0.14624696266673542 0
1616001546074 0.14824054026644326 0
1616001546092 0.14662247941448367 0
1616001546112 0.14568583256125753 0
1616001546108 0.14750183010504272 0
1616001546103 0.1437155890689236 0
1616001546147 0.1465532329355262 0
1616001546235 0.14550414095896297 0
1616001546283 0.1463343444164935 0
1616001546307 0.14560911986033906 0
1616001546336 0.1459501281492988 0
1616001546470 0.14719840580761548 0
1616001546483 0.14452609115447454 0
1616001546612 0.14775920356129957 0
1616001546617 0.1430204694097563 0
1616001546741 0.14529448372868176 0
1616001546794 0.1477870735558481 0
1616001546832 0.14515068100643702 0
1616001546843 0.14728135338746537 0
1616001546834 0.14534222360296367 0
1616001546886 0.14514570700780766 0
1616001546958 0.14654288454538994 0
1616001546997 0.1444498085656959 0
1616001547000 0.14430991373069071 0
1616001546986 0.14367657211701695 0
1616001547017 0.14517859586238013 0
1616001547056 0.1437917736172825 0
1616001547053 0.1436768778047884 0
1616001547100 0.1460668260193201 0
1616001547091 0.1445997402461317 0
1616001547131 0.14556000368709898 0
1616001547134 0.14248913208970787 0
1616001547128 0.14443504092756515 0
1616001547159 0.14549611173849894 0
1616001547211 0.14506299607494377 0
1616001547295 0.1434033107995426 0
1616001547297 0.1444074683358142 0
1616001547329 0.1436439724445586 0
1616001547413 0.143682989186139 0
1616001547443 0.1459087182142457 0
1616001547501 0.14432792097110472 0
1616001547487 0.14646925606163358 0
1616001547528 0.14461270153746966 0
1616001548067 0.14564017066785137 0
