1616001605551 0.8973424673303044 0
1616001606958 0.9047751696708555 0
1616001607483 0.9024121920565503 0
1616001607827 0.8927521131421826 0
1616001607937 0.8989311012664101 0
1616001608538 0.9110404898525464 0
1616001608592 0.9020836983560762 0
1616001608890 0.9017195638897961 0
1616001609140 0.9026902633228753 0
1616001609436 0.8945727829379155 0
1616001609429 0.9020158061615585 0
1616001609775 0.90424725353598 0
1616001610078 0.9027266177496024 0
1616001610094 0.9048984499404473 0
1616001610143 0.8999450152406624 0
1616001610755 0.9028757136570028 0
1616001610894 0.9041889096802675 0
1616001610916 0.8962957553028971 0
1616001610920 0.9000951758863813 0
1616001611035 0.8970352366487737 0
1616001612103 0.8947933905629122 0
1616001612303 0.8955075043137758 0
1616001612335 0.9037389839653054 0
1616001612519 0.8961790971745733 0
1616001612665 0.9000158986598654 0
1616001612716 0.8976869435047959 0
1616001612793 0.9017672232117491 0
1616001612810 0.9060550571237126 0
1616001612818 0.8990028800211488 0
1616001612938 0.8918886535854357 0
1616001613137 0.9047824933702587 0
1616001613180 0.9053261555763584 0
1616001613211 0.9092554247319072 0
1616001613421 0.8982987346099067 0
1616001613566 0.9015945574782475 0
1616001613542 0.9072207854856685 0
1616001613632 0.8979439842342943 0
1616001613672 0.9005153900984824 0
1616001613851 0.8999439232298835 0
1616001613871 0.9063028726261106 0
1616001613880 0.8959992539240655 0
1616001614027 0.8989599385521275 0
1616001614147 0.894103303565029 0
1616001614206 0.8996132899674348 0
1616001614207 0.8982193188603654 0
1616001614289 0.9042804640163612 0
1616001614371 0.8962877044404096 0
1616001614432 0.8968351606556216 0
1616001614509 0.900480523053344 0
1616001614516 0.9041924657131913 0
1616001614534 0.901618271461718 0
1616001614584 0.9000160346663973 0
1616001614611 0.894638526732401 0
1616001614649 0.9035276951755672 0
1616001614931 0.9005052722127168 0
1616001615000 0.8924410407316281 0
1616001615169 0.897724493061108 0
1616001615195 0.9001841027076752 0
1616001615199 0.9010299835522662 0
1616001615235 0.9045090573130953 0
1616001615288 0.9007965400154161 0
1616001615352 0.9033299252175239 0
1616001615388 0.900696452082161 0
1616001615715 0.9006877206805463 0
1616001615886 0.9016046417526785 0
1616001615901 0.8976920711667132 0
1616001615901 0.9012060659988289 0
1616001615907 0.897718617157699 0
1616001615972 0.9016524566294576 0
1616001616084 0.8972863250911208 0
1616001616121 0.90641175734832 0
1616001616141 0.8933303072614257 0
1616001616149 0.9022239658655803 0
1616001616218 0.8967701011561009 0
1616001616243 0.9016288101889306 0
1616001616260 0.8989874440867487 0
1616001616267 0.895390602738085 0
1616001616361 0.9023175003088212 0
1616001616415 0.895920924469603 0
1616001616407 0.903599488753895 0
1616001616585 0.9058384228846341 0
1616001616649 0.8989833045246014 0
1616001616752 0.9021789748156798 0
1616001616820 0.900205854411789 0
1616001616821 0.9010096159512327 0
1616001616969 0.8988894786962945 0
1616001616999 0.8991347051588328 0
1616001617034 0.8975643959348872 0
1616001617036 0.8979847083161313 0
1616001617219 0.8942586317867057 0
1616001617259 0.9042976467186145 0
1616001617378 0.8953698537466064 0
1616001617417 0.9026412721785685 0
1616001617701 0.8946563907067945 0
1616001617700 0.9042219482186585 0
1616001617717 0.9009595714745 0
1616001618295 0.8997564180767731 0
1616001618515 0.895238374570415 0
1616001618603 0.8956106078744422 0
1616001618609 0.8985893386542435 0
