1616001605551 0.7041535163117265 0
1616001606958 0.734418072020532 0
1616001607483 0.7166477010465963 0
1616001607827 0.6972577461438838 0
1616001607937 0.7204056362762307 0
1616001608538 0.7577045234477472 0
1616001608592 0.7338583583850525 0
1616001608890 0.740359242768097 0
1616001609140 0.7305881759936836 0
1616001609436 0.6987046995240651 0
1616001609429 0.7288519198244853 0
1616001609775 0.7244355183703041 0
1616001610078 0.718919533605122 0
1616001610094 0.7399772027774452 0
1616001610143 0.7147446141400571 0
1616001610755 0.7314836581398537 0
1616001610894 0.7432149546281873 0
1616001610916 0.7132264468390573 0
1616001610920 0.7142074581014861 0
1616001611035 0.7252413006961048 0
1616001612103 0.7208956601685248 0
1616001612303 0.7181816119780757 0
1616001612335 0.7287554552015776 0
1616001612519 0.7155773620443128 0
1616001612665 0.7322528953922667 0
1616001612716 0.7074984501192363 0
1616001612793 0.7270573769640091 0
1616001612810 0.7307791781238995 0
1616001612818 0.7267763517670817 0
1616001612938 0.7136177387826121 0
1616001613137 0.7408727634123016 0
1616001613180 0.7338671912010466 0
1616001613211 0.7424135607640531 0
1616001613421 0.7098745685152579 0
1616001613566 0.7254082681511976 0
1616001613542 0.7373401418481198 0
1616001613632 0.7249835625442556 0
1616001613672 0.7184531884095345 0
1616001613851 0.7315334834148272 0
1616001613871 0.755224845035567 0
1616001613880 0.698356087832623 0
1616001614027 0.729091443468203 0
1616001614147 0.70536084952602 0
1616001614206 0.7325137225633364 0
1616001614207 0.6868715849256112 0
1616001614289 0.7463579728122802 0
1616001614371 0.732039129986771 0
1616001614432 0.7171232117783767 0
1616001614509 0.7190461097480263 0
1616001614516 0.7527670299872656 0
1616001614534 0.7175879086091538 0
1616001614584 0.7220674189163063 0
1616001614611 0.7175154301528397 0
1616001614649 0.7358513225167271 0
1616001614931 0.7036108306097796 0
1616001615000 0.6990844283879696 0
1616001615169 0.7184631209909322 0
1616001615195 0.7406411876044077 0
1616001615199 0.7318940745114536 0
1616001615235 0.7417789407693846 0
1616001615288 0.7460947086120034 0
1616001615352 0.7351613844174725 0
1616001615387 0.7203077081269987 0
1616001615715 0.7170223913302094 0
1616001615886 0.725176240351841 0
1616001615901 0.7208822645480277 0
1616001615901 0.7405164250123502 0
1616001615907 0.7224800324832182 0
1616001615972 0.7329010101604014 0
1616001616084 0.7209751184913242 0
1616001616121 0.7500403561001567 0
1616001616141 0.7039268799677194 0
1616001616149 0.7318072985841896 0
1616001616218 0.7005394888204735 0
1616001616243 0.7296148703877141 0
1616001616260 0.7305811759883097 0
1616001616267 0.710857104805694 0
1616001616361 0.7104945542605103 0
1616001616407 0.7178186372714604 0
1616001616415 0.7126099132782657 0
1616001616585 0.7551964271579572 0
1616001616649 0.7215858230461604 0
1616001616752 0.7150527966753897 0
1616001616820 0.7309405480116116 0
1616001616821 0.715161741336423 0
1616001616969 0.7257300795376331 0
1616001616999 0.7152017542847566 0
1616001617034 0.7125539607935751 0
1616001617036 0.7300852334663948 0
1616001617219 0.6934852485391111 0
1616001617259 0.7254173807015536 0
1616001617378 0.7174274524249573 0
1616001617417 0.7324705147349986 0
1616001617701 0.7200911123729485 0
1616001617700 0.7160708131463712 0
1616001617717 0.7069762291098669 0
1616001618295 0.7261836389205538 0
1616001618515 0.7127294098696745 0
1616001618603 0.7242568523113216 0
1616001618609 0.7219474320186443 0
