1616001605551 0.7003484320557491 0
1616001606958 0.7317073170731707 0
1616001607483 0.7142857142857143 0
1616001607827 0.6910569105691057 0
1616001607937 0.7154471544715447 0
1616001608538 0.7526132404181185 0
1616001608592 0.7305458768873403 0
1616001608890 0.7363530778164924 0
1616001609140 0.727061556329849 0
1616001609436 0.6968641114982579 0
1616001609429 0.7259001161440186 0
1616001609775 0.7212543554006968 0
1616001610078 0.7142857142857143 0
1616001610094 0.7363530778164924 0
1616001610143 0.7131242740998839 0
1616001610755 0.7293844367015099 0
1616001610894 0.7375145180023229 0
1616001610916 0.7096399535423926 0
1616001610920 0.7073170731707317 0
1616001611035 0.7224157955865272 0
1616001612103 0.7177700348432056 0
1616001612303 0.7142857142857143 0
1616001612335 0.7247386759581882 0
1616001612519 0.7119628339140535 0
1616001612665 0.7293844367015099 0
1616001612716 0.7038327526132404 0
1616001612793 0.7259001161440186 0
1616001612810 0.7267441860465116 0
1616001612818 0.7235772357723578 0
1616001612938 0.7104651162790697 0
1616001613137 0.7398373983739838 0
1616001613180 0.7305458768873403 0
1616001613211 0.7375145180023229 0
1616001613421 0.7046511627906977 0
1616001613566 0.7209302325581395 0
1616001613542 0.7348837209302326 0
1616001613632 0.7209302325581395 0
1616001613672 0.713953488372093 0
1616001613851 0.727906976744186 0
1616001613871 0.75 0
1616001613880 0.6953488372093023 0
1616001614027 0.7267441860465116 0
1616001614147 0.7023255813953488 0
1616001614206 0.7290697674418605 0
1616001614207 0.6848837209302325 0
1616001614289 0.7430232558139535 0
1616001614371 0.7290697674418605 0
1616001614432 0.713953488372093 0
1616001614509 0.7151162790697675 0
1616001614516 0.7488372093023256 0
1616001614534 0.713953488372093 0
1616001614584 0.7186046511627907 0
1616001614611 0.7151162790697675 0
1616001614649 0.7325581395348837 0
1616001614931 0.7 0
1616001615000 0.6976744186046512 0
1616001615169 0.7162790697674418 0
1616001615195 0.7372093023255814 0
1616001615199 0.727906976744186 0
1616001615235 0.736046511627907 0
1616001615288 0.7418604651162791 0
1616001615352 0.7302325581395349 0
1616001615387 0.7162790697674418 0
1616001615715 0.7127906976744186 0
1616001615886 0.7220930232558139 0
1616001615901 0.7162790697674418 0
1616001615901 0.7372093023255814 0
1616001615907 0.7186046511627907 0
1616001615972 0.7290697674418605 0
1616001616084 0.7162790697674418 0
1616001616121 0.7465116279069768 0
1616001616141 0.7034883720930233 0
1616001616149 0.727906976744186 0
1616001616218 0.6965116279069767 0
1616001616243 0.7267441860465116 0
1616001616260 0.7255813953488373 0
1616001616267 0.7058139534883721 0
1616001616361 0.708139534883721 0
1616001616407 0.7127906976744186 0
1616001616415 0.7104651162790697 0
1616001616585 0.7534883720930232 0
1616001616649 0.7174418604651163 0
1616001616752 0.7104651162790697 0
1616001616820 0.727906976744186 0
1616001616821 0.7116279069767442 0
1616001616969 0.7220930232558139 0
1616001616999 0.7104651162790697 0
1616001617034 0.708139534883721 0
1616001617036 0.7267441860465116 0
1616001617219 0.6895348837209302 0
1616001617259 0.7209302325581395 0
1616001617378 0.713953488372093 0
1616001617417 0.727906976744186 0
1616001617701 0.7186046511627907 0
1616001617700 0.713953488372093 0
1616001617717 0.7034883720930233 0
1616001618295 0.7220930232558139 0
1616001618515 0.708139534883721 0
1616001618603 0.7209302325581395 0
1616001618609 0.7186046511627907 0
