1616001599158 0.7003484320557491 0
1616001601287 0.7317073170731707 0
1616001601534 0.7142857142857143 0
1616001602155 0.6910569105691057 0
1616001602154 0.7154471544715447 0
1616001602685 0.7305458768873403 0
1616001602912 0.6968641114982579 0
1616001603274 0.727061556329849 0
1616001603354 0.7526132404181185 0
1616001603528 0.7363530778164924 0
1616001603596 0.7259001161440186 0
1616001603646 0.7131242740998839 0
1616001603708 0.7363530778164924 0
1616001603721 0.7142857142857143 0
1616001604022 0.7375145180023229 0
1616001604178 0.7224157955865272 0
1616001604358 0.7293844367015099 0
1616001604429 0.7212543554006968 0
1616001604750 0.7096399535423926 0
1616001604988 0.7073170731707317 0
1616001605454 0.7267441860465116 0
1616001605732 0.7247386759581882 0
1616001606002 0.7038327526132404 0
1616001606063 0.7293844367015099 0
1616001606093 0.7348837209302326 0
1616001606222 0.7177700348432056 0
1616001606213 0.7142857142857143 0
1616001606251 0.7104651162790697 0
1616001606295 0.7119628339140535 0
1616001606341 0.7259001161440186 0
1616001606796 0.6953488372093023 0
1616001606794 0.7209302325581395 0
1616001606828 0.7398373983739838 0
1616001606867 0.7305458768873403 0
1616001606869 0.7235772357723578 0
1616001606901 0.7046511627906977 0
1616001606911 0.7375145180023229 0
1616001606994 0.727906976744186 0
1616001607052 0.7267441860465116 0
1616001607052 0.7209302325581395 0
1616001607080 0.713953488372093 0
1616001607183 0.7290697674418605 0
1616001607264 0.6848837209302325 0
1616001607275 0.7290697674418605 0
1616001607318 0.713953488372093 0
1616001607456 0.7 0
1616001607474 0.7325581395348837 0
1616001607538 0.7186046511627907 0
1616001607563 0.7151162790697675 0
1616001607589 0.7430232558139535 0
1616001607605 0.75 0
1616001607649 0.7023255813953488 0
1616001607776 0.713953488372093 0
1616001607966 0.7488372093023256 0
1616001607978 0.7220930232558139 0
1616001608044 0.7186046511627907 0
1616001608060 0.7151162790697675 0
1616001608068 0.7372093023255814 0
1616001608128 0.727906976744186 0
1616001608174 0.6976744186046512 0
1616001608183 0.7162790697674418 0
1616001608353 0.7058139534883721 0
1616001608412 0.7302325581395349 0
1616001608420 0.7127906976744186 0
1616001608415 0.7418604651162791 0
1616001608463 0.7162790697674418 0
1616001608556 0.7290697674418605 0
1616001608613 0.7162790697674418 0
1616001608762 0.7034883720930233 0
1616001608819 0.7104651162790697 0
1616001608887 0.7465116279069768 0
1616001608917 0.736046511627907 0
1616001608944 0.7127906976744186 0
1616001609054 0.727906976744186 0
1616001609102 0.7104651162790697 0
1616001609179 0.6965116279069767 0
1616001609252 0.727906976744186 0
1616001609303 0.708139534883721 0
1616001609322 0.7255813953488373 0
1616001609336 0.7534883720930232 0
1616001609383 0.7267441860465116 0
1616001609427 0.7162790697674418 0
1616001609477 0.7372093023255814 0
1616001609501 0.7116279069767442 0
1616001609522 0.7174418604651163 0
1616001609729 0.7104651162790697 0
1616001609752 0.7220930232558139 0
1616001609875 0.6895348837209302 0
1616001609950 0.7209302325581395 0
1616001610003 0.7267441860465116 0
1616001610057 0.713953488372093 0
1616001610243 0.708139534883721 0
1616001610306 0.7034883720930233 0
1616001610368 0.713953488372093 0
1616001610461 0.727906976744186 0
1616001610583 0.708139534883721 0
1616001611003 0.7186046511627907 0
1616001611410 0.7186046511627907 0
1616001611870 0.7209302325581395 0
1616001611914 0.7220930232558139 0
