1616001605551 0.7186152455971823 0
1616001606958 0.7512763832643382 0
1616001607483 0.7358374555942727 0
1616001607827 0.712016134321438 0
1616001607937 0.7394586980391259 0
1616001608538 0.7786695341438901 0
1616001608592 0.7501770239491704 0
1616001608890 0.7568696364612557 0
1616001609139 0.7478757979904337 0
1616001609436 0.7171333091920766 0
1616001609429 0.7518822255487133 0
1616001609775 0.7503460957666024 0
1616001610078 0.7395667795125834 0
1616001610094 0.757152950740693 0
1616001610143 0.7407962150529408 0
1616001610755 0.7529003374617907 0
1616001610894 0.7553550025672284 0
1616001610916 0.7304807850106629 0
1616001610920 0.7293286565987764 0
1616001611035 0.7396475105404342 0
1616001612103 0.7265208874013158 0
1616001612303 0.7375175321516785 0
1616001612335 0.7477299200603897 0
1616001612519 0.731971544366614 0
1616001612665 0.7386867073450507 0
1616001612716 0.7372286876201192 0
1616001612793 0.7488123403140696 0
1616001612810 0.7456672341210956 0
1616001612818 0.7462611902963511 0
1616001612938 0.7251576777594461 0
1616001613137 0.7635494498486215 0
1616001613180 0.7508464231100652 0
1616001613211 0.7645313537958223 0
1616001613421 0.7238971344927279 0
1616001613566 0.742902796045913 0
1616001613542 0.7562647894957581 0
1616001613632 0.7453915211335651 0
1616001613672 0.7384187242728891 0
1616001613851 0.741348387060861 0
1616001613871 0.7678979124268954 0
1616001613880 0.722598548392956 0
1616001614027 0.744545143237471 0
1616001614147 0.714622746356383 0
1616001614206 0.7550027227618032 0
1616001614207 0.7109256610023553 0
1616001614289 0.7656818426541253 0
1616001614371 0.7616687086674402 0
1616001614432 0.7473821320408525 0
1616001614509 0.7370907500035581 0
1616001614516 0.7711711858867027 0
1616001614534 0.7284954829936588 0
1616001614584 0.7402126441251646 0
1616001614611 0.7396250195596865 0
1616001614649 0.7506243093101613 0
1616001614931 0.7241819114164091 0
1616001615000 0.7266724323214762 0
1616001615169 0.7377809710505279 0
1616001615195 0.7575272455325862 0
1616001615199 0.7503806407434465 0
1616001615234 0.7536621101832295 0
1616001615288 0.7607388570715444 0
1616001615352 0.7460420537210859 0
1616001615387 0.7369362315903419 0
1616001615715 0.7279534406729494 0
1616001615885 0.7474465566572958 0
1616001615901 0.739640403707895 0
1616001615901 0.7575575721742455 0
1616001615907 0.73588484626386 0
1616001615972 0.7601971865950959 0
1616001616084 0.7287771167902587 0
1616001616121 0.7771577005262745 0
1616001616141 0.7301172187141682 0
1616001616149 0.7521387704529925 0
1616001616218 0.7172464601494584 0
1616001616243 0.7520141031518189 0
1616001616260 0.7412606406841054 0
1616001616267 0.7250991297204025 0
1616001616361 0.7340211772821749 0
1616001616407 0.7447782713012586 0
1616001616415 0.7339543159668643 0
1616001616585 0.762623401697742 0
1616001616649 0.7392659662634042 0
1616001616752 0.7326689983728081 0
1616001616820 0.7437167416255148 0
1616001616821 0.734004060572569 0
1616001616969 0.7381112785334929 0
1616001616999 0.7312133780867898 0
1616001617034 0.7319811993524725 0
1616001617036 0.7398484098471225 0
1616001617219 0.7139354928017718 0
1616001617239 0.7386117781931493 0
1616001617378 0.7369915552674907 0
1616001617416 0.7496383275227577 0
1616001617701 0.7349539848016191 0
1616001617700 0.7422901778478377 0
1616001617717 0.7289529717197418 0
1616001618295 0.7471163905811951 0
1616001618515 0.7303725167152841 0
1616001618603 0.7442119227564038 0
1616001618609 0.7350011153762159 0
