1616001278285 0.8168312892476304 0
1616001279386 0.8124231485758393 0
1616001279575 0.816667119570571 0
1616001280009 0.8203276957722471 0
1616001280270 0.8137102155014858 0
1616001280474 0.8186153701184388 0
1616001280884 0.809984773863877 0
1616001281113 0.8205826590553432 0
1616001281540 0.8062159569270048 0
1616001282054 0.8122663019074058 0
1616001282656 0.8097024183190628 0
1616001283267 0.8178834198396664 0
1616001283475 0.8111567670498276 0
1616001283514 0.8173268695862559 0
1616001283533 0.8139508677010013 0
1616001283546 0.8112506195591438 0
1616001283602 0.8158175313064709 0
1616001283600 0.8089739244827746 0
1616001283854 0.8107746968526687 0
1616001284096 0.8081804251534191 0
1616001284138 0.812884302962428 0
1616001284292 0.8135335094278546 0
1616001284505 0.8177770380233977 0
1616001284680 0.8119160876944375 0
1616001284677 0.815151232567143 0
1616001284720 0.8222634371793774 0
1616001284767 0.8113103682751935 0
1616001284764 0.8213493506345555 0
1616001284774 0.8188460043216511 0
1616001284887 0.8100785386624062 0
1616001284897 0.8070434168698778 0
1616001284874 0.8072811436876789 0
1616001284949 0.8101918875245792 0
1616001284964 0.8159150758772907 0
1616001284993 0.8186451962676745 0
1616001285063 0.8107537590346908 0
1616001285118 0.815099823375825 0
1616001285518 0.8068355905015666 0
1616001285544 0.8105791879463619 0
1616001285558 0.8159435365741685 0
1616001285558 0.8130787653524743 0
1616001285577 0.8118669526796415 0
1616001285560 0.819887662594282 0
1616001285693 0.8083293465446085 0
1616001285737 0.8133473545488558 0
1616001285753 0.8116215383572899 0
1616001285869 0.8113003750541954 0
1616001285884 0.8105387493878172 0
1616001285924 0.813395011669435 0
1616001286001 0.8124752719873626 0
1616001286031 0.8162465440915554 0
1616001286111 0.8097556845133617 0
1616001286152 0.8179699545408563 0
1616001286209 0.8146093594185468 0
1616001286240 0.8119370527112526 0
1616001286238 0.8144412905616442 0
1616001286251 0.8083783408792558 0
1616001286300 0.8170594868349944 0
1616001286365 0.812998770154437 0
1616001286383 0.8108518213857968 0
1616001286386 0.8104004406541045 0
1616001286401 0.8108499795770985 0
1616001286414 0.8157158934071282 0
1616001286415 0.8125854996686349 0
1616001286463 0.8106013694451661 0
1616001286470 0.8139816190973311 0
1616001286433 0.8121204653800975 0
1616001286527 0.8186490568961102 0
1616001286541 0.8171409721310399 0
1616001286595 0.8134316315214266 0
1616001286633 0.8134002231434757 0
1616001286640 0.8126487875996286 0
1616001286690 0.8123534641220448 0
1616001286721 0.8156900693169017 0
1616001286754 0.8157331234543063 0
1616001286846 0.816009483006519 0
1616001286868 0.811156307842612 0
1616001286898 0.8068469690598138 0
1616001287010 0.8183933059502165 0
1616001287027 0.81199089958815 0
1616001287031 0.8146480883908481 0
1616001287034 0.8113954883554642 0
1616001287042 0.8207253231842632 0
1616001287043 0.8143229954908421 0
1616001287075 0.81580884884249 0
1616001287078 0.8090274374824727 0
1616001287090 0.8117772495304304 0
1616001287089 0.8101141351667099 0
1616001287175 0.8183761966319617 0
1616001287204 0.8054096269610795 0
1616001287225 0.8199833171516655 0
1616001287341 0.818665717047392 0
1616001287400 0.8045621651058704 0
1616001287448 0.8154488934392934 0
1616001287556 0.8192584337368514 0
1616001287681 0.8175034982350414 0
1616001287751 0.8074552906672182 0
1616001287997 0.8122788503993338 0
1616001288028 0.8102348997748252 0
1616001288036 0.8078963226078709 0
