1616001278285 1.3299672845839998 0
1616001279386 1.3316690428304752 0
1616001279575 1.3344510923006432 0
1616001280009 1.3337544389215474 0
1616001280270 1.331373431798597 0
1616001280474 1.3318227973534258 0
1616001280884 1.3337868270918258 0
1616001281113 1.3344297278723134 0
1616001281540 1.3313323164582793 0
1616001282054 1.3331943188390376 0
1616001282656 1.332408455604833 0
1616001283267 1.3317205243762473 0
1616001283475 1.329824033577435 0
1616001283514 1.3320152452248843 0
1616001283533 1.3301567827455831 0
1616001283546 1.3329997938410416 0
1616001283602 1.3312967735449877 0
1616001283600 1.3302347212848937 0
1616001283854 1.3301015166901977 0
1616001284096 1.3311367320798675 0
1616001284138 1.3305159026108087 0
1616001284292 1.3303173303906317 0
1616001284505 1.3321554647944098 0
1616001284680 1.3303441601124135 0
1616001284677 1.3312788447264439 0
1616001284720 1.3311851596498554 0
1616001284767 1.3333573016969744 0
1616001284764 1.3293426950268679 0
1616001284774 1.3315824142188406 0
1616001284887 1.3318212782725436 0
1616001284897 1.3301865829408006 0
1616001284874 1.331788702030745 0
1616001284949 1.3330076255059609 0
1616001284964 1.3342063015827073 0
1616001284993 1.3313186588562735 0
1616001285063 1.332649134928314 0
1616001285118 1.3299790224242727 0
1616001285518 1.332377591731795 0
1616001285544 1.3304603641597696 0
1616001285558 1.3311169170597121 0
1616001285558 1.330872174268628 0
1616001285577 1.3309075318543153 0
1616001285560 1.3322858573897525 0
1616001285693 1.3296922474640316 0
1616001285737 1.3304151929652595 0
1616001285753 1.3321221479652348 0
1616001285869 1.3307511664968488 0
1616001285884 1.3318986781672872 0
1616001285924 1.3308623539115363 0
1616001286001 1.3351850198864312 0
1616001286031 1.328584553984075 0
1616001286111 1.328719614370382 0
1616001286152 1.3304038726271248 0
1616001286209 1.330765566005999 0
1616001286240 1.3322714663338289 0
1616001286238 1.3340224424803346 0
1616001286251 1.3309053353195353 0
1616001286300 1.3348811957186042 0
1616001286365 1.3305400786735435 0
1616001286383 1.328038336335258 0
1616001286386 1.3299642842171204 0
1616001286401 1.330821247485727 0
1616001286414 1.3318292832962157 0
1616001286415 1.3315888345842786 0
1616001286463 1.3298370130581667 0
1616001286470 1.3316870536667842 0
1616001286433 1.3327346196834962 0
1616001286527 1.3307361724205828 0
1616001286541 1.331568026555508 0
1616001286595 1.3335810088436242 0
1616001286633 1.3328352023426553 0
1616001286640 1.3308047988015361 0
1616001286690 1.3303230135226576 0
1616001286721 1.329578910668131 0
1616001286754 1.3309593694348407 0
1616001286846 1.3319142069996326 0
1616001286868 1.330034460777858 0
1616001286898 1.3298095418582885 0
1616001287010 1.3315598036839946 0
1616001287027 1.3319776664283405 0
1616001287031 1.3306743268788133 0
1616001287034 1.3325608398967113 0
1616001287042 1.3315565542613985 0
1616001287043 1.3315052569161512 0
1616001287075 1.3304967063729538 0
1616001287078 1.330612048047189 0
1616001287090 1.3306864103036944 0
1616001287089 1.32893403244103 0
1616001287175 1.3281722970971261 0
1616001287204 1.3292372424117407 0
1616001287225 1.331922073306558 0
1616001287341 1.333185911734681 0
1616001287400 1.3305145189670553 0
1616001287448 1.333333437660934 0
1616001287556 1.3291660163982022 0
1616001287681 1.3261600736010017 0
1616001287751 1.3309731209426479 0
1616001287997 1.3309793763598543 0
1616001288028 1.3323205922541541 0
1616001288036 1.331708095726927 0
