1616001278285 0.5713383635522095 0
1616001279386 0.5569763024913051 0
1616001279575 0.5912465673312387 0
1616001280009 0.5792280771035526 0
1616001280270 0.5634576334976046 0
1616001280474 0.5685214916205024 0
1616001280883 0.5567463458123662 0
1616001281113 0.559743957617138 0
1616001281540 0.5620255566815175 0
1616001282054 0.5687528599152983 0
1616001282656 0.553793414644569 0
1616001283267 0.5824854991199605 0
1616001283475 0.5463104064134635 0
1616001283514 0.5748825154525155 0
1616001283533 0.5752224404041342 0
1616001283546 0.566847218394344 0
1616001283602 0.5745312011319487 0
1616001283600 0.563359491423406 0
1616001283854 0.5753835500009582 0
1616001284096 0.5677755683487008 0
1616001284138 0.5733043841749813 0
1616001284292 0.5545195908958893 0
1616001284505 0.5759294813730604 0
1616001284677 0.57293927024504 0
1616001284680 0.5679181809238031 0
1616001284720 0.5789895164204104 0
1616001284767 0.563468357225265 0
1616001284764 0.5687198021568117 0
1616001284774 0.5697787359283849 0
1616001284887 0.555693898835177 0
1616001284897 0.5568518065550672 0
1616001284874 0.5703436984398799 0
1616001284949 0.5616034161854222 0
1616001284964 0.581069894617384 0
1616001284993 0.5883382866262976 0
1616001285063 0.5663809368231272 0
1616001285118 0.5569957857928471 0
1616001285518 0.5708786013034668 0
1616001285544 0.5528987182523313 0
1616001285558 0.570341113447854 0
1616001285558 0.5625810861145736 0
1616001285577 0.5508760283431728 0
1616001285560 0.5696429021349817 0
1616001285693 0.5690316532061426 0
1616001285737 0.5601452185470771 0
1616001285753 0.5677308299122462 0
1616001285869 0.5578740350105517 0
1616001285884 0.5630908956555819 0
1616001285924 0.5632591590009741 0
1616001286001 0.5661560095720256 0
1616001286031 0.5822220571781905 0
1616001286111 0.559650619369902 0
1616001286152 0.5780424338732234 0
1616001286209 0.5764417681162023 0
1616001286240 0.5689126230975908 0
1616001286238 0.5631054706641144 0
1616001286251 0.5690832604773458 0
1616001286300 0.5934317554957187 0
1616001286365 0.5500471828956786 0
1616001286383 0.5666069540305838 0
1616001286386 0.5769673191440756 0
1616001286400 0.5426676384783137 0
1616001286414 0.5578039920481218 0
1616001286415 0.5901666962452036 0
1616001286463 0.5687201044964091 0
1616001286470 0.5684548031837349 0
1616001286433 0.579139490015487 0
1616001286527 0.5672680531895734 0
1616001286541 0.5698534660020763 0
1616001286595 0.567809365557704 0
1616001286633 0.5752092420887591 0
1616001286640 0.5744950533368975 0
1616001286690 0.5674837106280672 0
1616001286721 0.570905738386618 0
1616001286754 0.5569368486608233 0
1616001286846 0.5581714546570817 0
1616001286868 0.561766018636905 0
1616001286898 0.5552673813844732 0
1616001287010 0.5797755923481416 0
1616001287027 0.5755772795501803 0
1616001287031 0.5698155447850459 0
1616001287034 0.5648646849207102 0
1616001287042 0.5656416303417131 0
1616001287043 0.5573096149612118 0
1616001287075 0.5689102754178706 0
1616001287078 0.5541842800380492 0
1616001287090 0.5607086729853655 0
1616001287089 0.5676641429707345 0
1616001287175 0.580398923112082 0
1616001287204 0.5400458922524005 0
1616001287225 0.5645246080440666 0
1616001287341 0.5885385938214153 0
1616001287400 0.5659782040276595 0
1616001287448 0.5609914003006007 0
1616001287556 0.5633270208724446 0
1616001287681 0.5670469190884443 0
1616001287751 0.559833797353923 0
1616001287997 0.5553607530406274 0
1616001288028 0.5547170939547231 0
1616001288036 0.5580188583610235 0
