1616454232823 0.6074038193077883 0
1616454232860 0.6014538460158898 0
1616454232862 0.5931588418489858 0
1616454232868 0.5952848345684166 0
1616454232870 0.5986270541362763 0
1616454232878 0.6021748760811289 0
1616454232881 0.6098868679644712 0
1616454232882 0.5880898470053619 0
1616454232887 0.6060296189551666 0
1616454232892 0.6012950030510543 0
1616454232905 0.6060091446438034 0
1616454232911 0.5949293723783449 0
1616454232913 0.5926904131252211 0
1616454232927 0.6193085593547885 0
1616454232933 0.6022675930386325 0
1616454232951 0.5976415723944908 0
1616454232966 0.5895584196980816 0
1616454232966 0.602683151459619 0
1616454232971 0.579740397797499 0
1616454232981 0.5984977103558006 0
1616454233001 0.6054136371975879 0
1616454233002 0.6013090004762642 0
1616454233016 0.6034074328854429 0
1616454233028 0.5930825459800262 0
1616454233043 0.6012067862933297 0
1616454233054 0.6013621178015726 0
1616454233065 0.5989662809630513 0
1616454233075 0.5943819452400045 0
1616454233088 0.6050570348428064 0
1616454233102 0.5927702019355301 0
1616454233192 0.6018424630903135 0
1616454233193 0.6006375790201395 0
1616454233213 0.6085812750778082 0
1616454233220 0.5965741613086285 0
1616454233223 0.6000253079142048 0
1616454233254 0.6120777252401172 0
1616454233268 0.5945370724629047 0
1616454233309 0.5984703424272677 0
1616454233346 0.5977142420721296 0
1616454233360 0.6053071120918341 0
1616454233380 0.5989735706847821 0
1616454233385 0.5859741079521813 0
1616454233425 0.5911067950911653 0
1616454233426 0.5881735265379985 0
1616454233459 0.597809409248864 0
1616454233523 0.6090379003546479 0
1616454233525 0.5978522567296699 0
1616454233536 0.6021025063326587 0
1616454233554 0.6099798612005639 0
1616454233563 0.6045632360304324 0
1616454233606 0.5938043329856434 0
1616454233665 0.6096294694807818 0
1616454233693 0.6065377681737657 0
1616454233725 0.6063218983768676 0
1616454233748 0.5951232355384547 0
1616454233772 0.5972665031809862 0
1616454233780 0.6154225928432192 0
1616454233802 0.6071064526364919 0
1616454233868 0.590274045648304 0
1616454233922 0.5923937278025802 0
1616454233961 0.6109386696614562 0
1616454233960 0.5774994443308137 0
1616454233983 0.5987242873495566 0
1616454233985 0.6130876372914049 0
1616454234012 0.5921657670216289 0
1616454234130 0.5932328222642104 0
1616454234159 0.5991462897850879 0
1616454234162 0.597231741578173 0
1616454234211 0.5916839934346723 0
1616454234240 0.6068667329888794 0
1616454234298 0.5980094862584164 0
1616454234308 0.6033466447209752 0
1616454234336 0.6119665069421175 0
1616454234341 0.6189513540946394 0
1616454234356 0.593807097255412 0
1616454234375 0.6020560748696596 0
1616454234407 0.5939240275521529 0
1616454234499 0.6105208238626062 0
1616454234537 0.597809409248864 0
1616454234542 0.5930119764855044 0
1616454234611 0.5980204902187006 0
1616454234640 0.5908006403191942 0
1616454234676 0.5608603505556191 0
1616454234678 0.5992337928821657 0
1616454234733 0.5862121805501435 0
1616454234802 0.6032853945723089 0
1616454234890 0.6033911057857638 0
1616454234901 0.6137283492616897 0
1616454234901 0.6125650156354997 0
1616454234935 0.6138302746223137 0
1616454235011 0.5915532339475351 0
1616454235066 0.5986270541362763 0
1616454235152 0.5860396167973063 0
1616454235175 0.597179265462158 0
1616454235176 0.6108830991439764 0
1616454235238 0.6032649571267803 0
1616454235236 0.6067517129418457 0
1616454235262 0.5843380468039361 0
1616454235397 0.6098404692016892 0
1616454235398 0.5991267663947357 0
