1616454232823 0.6633333333333333 0
1616454232860 0.66 0
1616454232862 0.6466666666666666 0
1616454232868 0.65 0
1616454232870 0.6511627906976745 0
1616454232878 0.654485049833887 0
1616454232881 0.6578073089700996 0
1616454232882 0.6445182724252492 0
1616454232887 0.6578073089700996 0
1616454232892 0.654485049833887 0
1616454232905 0.6578073089700996 0
1616454232911 0.6478405315614618 0
1616454232913 0.6478405315614618 0
1616454232927 0.6677740863787376 0
1616454232933 0.654485049833887 0
1616454232951 0.6511627906976745 0
1616454232966 0.6445182724252492 0
1616454232966 0.654485049833887 0
1616454232971 0.6411960132890365 0
1616454232981 0.6511627906976745 0
1616454233001 0.6578073089700996 0
1616454233002 0.654485049833887 0
1616454233016 0.654485049833887 0
1616454233028 0.6445182724252492 0
1616454233043 0.6578073089700996 0
1616454233054 0.6511627906976745 0
1616454233065 0.6511627906976745 0
1616454233075 0.6478405315614618 0
1616454233088 0.654485049833887 0
1616454233102 0.6511627906976745 0
1616454233192 0.6511627906976745 0
1616454233193 0.6511627906976745 0
1616454233213 0.6578073089700996 0
1616454233220 0.6511627906976745 0
1616454233223 0.6511627906976745 0
1616454233254 0.6611295681063123 0
1616454233268 0.6478405315614618 0
1616454233309 0.654485049833887 0
1616454233346 0.6511627906976745 0
1616454233360 0.654485049833887 0
1616454233380 0.6511627906976745 0
1616454233385 0.6411960132890365 0
1616454233425 0.6445182724252492 0
1616454233426 0.6445182724252492 0
1616454233459 0.6511627906976745 0
1616454233523 0.654485049833887 0
1616454233525 0.6478405315614618 0
1616454233536 0.654485049833887 0
1616454233554 0.6611295681063123 0
1616454233563 0.654485049833887 0
1616454233606 0.6478405315614618 0
1616454233665 0.6611295681063123 0
1616454233693 0.6578073089700996 0
1616454233725 0.6611295681063123 0
1616454233748 0.6511627906976745 0
1616454233780 0.6644518272425249 0
1616454233772 0.6511627906976745 0
1616454233802 0.654485049833887 0
1616454233868 0.6511627906976745 0
1616454233922 0.6478405315614618 0
1616454233961 0.6611295681063123 0
1616454233960 0.6411960132890365 0
1616454233983 0.6511627906976745 0
1616454233985 0.6611295681063123 0
1616454234012 0.6478405315614618 0
1616454234130 0.6511627906976745 0
1616454234159 0.6478405315614618 0
1616454234162 0.6478405315614618 0
1616454234211 0.6511627906976745 0
1616454234240 0.6578073089700996 0
1616454234298 0.6511627906976745 0
1616454234308 0.654485049833887 0
1616454234336 0.6611295681063123 0
1616454234341 0.6677740863787376 0
1616454234356 0.6511627906976745 0
1616454234375 0.6578073089700996 0
1616454234407 0.6511627906976745 0
1616454234499 0.6644518272425249 0
1616454234537 0.6511627906976745 0
1616454234542 0.6511627906976745 0
1616454234611 0.654485049833887 0
1616454234640 0.6478405315614618 0
1616454234676 0.6312292358803987 0
1616454234678 0.6511627906976745 0
1616454234733 0.6445182724252492 0
1616454234802 0.654485049833887 0
1616454234901 0.6611295681063123 0
1616454234901 0.6611295681063123 0
1616454234890 0.6578073089700996 0
1616454234935 0.6611295681063123 0
1616454235011 0.6478405315614618 0
1616454235066 0.6511627906976745 0
1616454235152 0.6445182724252492 0
1616454235175 0.6511627906976745 0
1616454235176 0.6644518272425249 0
1616454235238 0.654485049833887 0
1616454235236 0.6578073089700996 0
1616454235262 0.6411960132890365 0
1616454235397 0.6611295681063123 0
1616454235398 0.6511627906976745 0
