1616454232823 0.7221041055718475 0
1616454232860 0.7097984509769407 0
1616454232862 0.6934869194591418 0
1616454232868 0.6908035280227793 0
1616454232870 0.6959923459730466 0
1616454232878 0.6979294467956052 0
1616454232881 0.6995356393267311 0
1616454232882 0.6971367841960491 0
1616454232887 0.7035828809808352 0
1616454232892 0.6972314507198228 0
1616454232905 0.7050470995173838 0
1616454232911 0.6923250080351188 0
1616454232913 0.6930667615883562 0
1616454232927 0.7092588902797811 0
1616454232933 0.7007529323472614 0
1616454232951 0.6974953857511997 0
1616454232966 0.688440950150552 0
1616454232966 0.697386385206032 0
1616454232971 0.7103587205390718 0
1616454232981 0.6942631271228461 0
1616454233001 0.7012450636243966 0
1616454233002 0.7024931670832921 0
1616454233016 0.7002095699031837 0
1616454233028 0.6844924674564867 0
1616454233043 0.7153544338465568 0
1616454233054 0.6925393354280187 0
1616454233065 0.7017561377073387 0
1616454233075 0.6901145028859011 0
1616454233088 0.6990984467728654 0
1616454233102 0.7183632954032435 0
1616454233192 0.6895877109012184 0
1616454233193 0.6963180906412586 0
1616454233213 0.6988121034555882 0
1616454233220 0.6930849277572322 0
1616454233223 0.6941754408184301 0
1616454233254 0.7008320272605622 0
1616454233268 0.6958365120380624 0
1616454233309 0.7093931160638627 0
1616454233346 0.6962608943695502 0
1616454233360 0.686027959585418 0
1616454233380 0.6937012744748102 0
1616454233385 0.6864980565506525 0
1616454233425 0.6867004922284117 0
1616454233426 0.6868035510048471 0
1616454233459 0.6992035138099061 0
1616454233523 0.693646338514021 0
1616454233525 0.6905355165321942 0
1616454233536 0.69527675045446 0
1616454233554 0.7149685891458049 0
1616454233563 0.6958036103265653 0
1616454233606 0.6916635905007998 0
1616454233665 0.7070120040117845 0
1616454233693 0.6959283393946925 0
1616454233725 0.7140051238994047 0
1616454233748 0.6999531033378641 0
1616454233772 0.7011383933781562 0
1616454233780 0.718986876978756 0
1616454233802 0.6950515449217914 0
1616454233868 0.7050793650793651 0
1616454233922 0.6899731468814917 0
1616454233961 0.7034758228808049 0
1616454233960 0.7122032939845904 0
1616454233983 0.6988799555955383 0
1616454233985 0.7167465582329846 0
1616454234012 0.6845756060524824 0
1616454234130 0.7116443382041795 0
1616454234159 0.689017654528924 0
1616454234162 0.6870813382756694 0
1616454234211 0.7081827727848296 0
1616454234240 0.70204579188232 0
1616454234298 0.694824979770882 0
1616454234308 0.7001359948474866 0
1616454234336 0.7072411761365249 0
1616454234341 0.7107848948346427 0
1616454234356 0.7047041988552215 0
1616454234375 0.7111021993811627 0
1616454234407 0.6925837052319975 0
1616454234499 0.7190313079502052 0
1616454234537 0.6992035138099061 0
1616454234542 0.6944681932411568 0
1616454234611 0.7160913234953256 0
1616454234640 0.7157272566777116 0
1616454234676 0.7079222616626455 0
1616454234678 0.6971348126789109 0
1616454234733 0.708908034635693 0
1616454234802 0.6985190873189996 0
1616454234890 0.6996127190468493 0
1616454234901 0.7091258940534021 0
1616454234901 0.7017788741281055 0
1616454234935 0.7024539090014686 0
1616454235011 0.7043022660427012 0
1616454235066 0.6959923459730466 0
1616454235152 0.6819481121806703 0
1616454235175 0.6942239300975661 0
1616454235176 0.7242467898766126 0
1616454235238 0.711121915205863 0
1616454235236 0.697815677685776 0
1616454235262 0.6884916564228907 0
1616454235397 0.7029456319605508 0
1616454235398 0.6954492843834733 0
