1616454232802 0.6633333333333333 0
1616454232834 0.66 0
1616454232835 0.6466666666666666 0
1616454232841 0.65 0
1616454232843 0.6511627906976745 0
1616454232853 0.6578073089700996 0
1616454232853 0.654485049833887 0
1616454232854 0.6445182724252492 0
1616454232859 0.6578073089700996 0
1616454232864 0.654485049833887 0
1616454232877 0.6578073089700996 0
1616454232881 0.6478405315614618 0
1616454232886 0.6478405315614618 0
1616454232902 0.654485049833887 0
1616454232902 0.6677740863787376 0
1616454232916 0.6511627906976745 0
1616454232929 0.6445182724252492 0
1616454232930 0.654485049833887 0
1616454232935 0.6411960132890365 0
1616454232944 0.6511627906976745 0
1616454232962 0.654485049833887 0
1616454232964 0.6578073089700996 0
1616454232980 0.654485049833887 0
1616454232992 0.6445182724252492 0
1616454233005 0.6578073089700996 0
1616454233016 0.6511627906976745 0
1616454233028 0.6511627906976745 0
1616454233037 0.6478405315614618 0
1616454233051 0.654485049833887 0
1616454233066 0.6511627906976745 0
1616454233135 0.6578073089700996 0
1616454233155 0.6511627906976745 0
1616454233157 0.6511627906976745 0
1616454233165 0.6511627906976745 0
1616454233184 0.6511627906976745 0
1616454233210 0.6611295681063123 0
1616454233231 0.6478405315614618 0
1616454233238 0.654485049833887 0
1616454233279 0.654485049833887 0
1616454233309 0.6411960132890365 0
1616454233310 0.6511627906976745 0
1616454233344 0.6511627906976745 0
1616454233351 0.6445182724252492 0
1616454233382 0.6511627906976745 0
1616454233388 0.6445182724252492 0
1616454233447 0.654485049833887 0
1616454233448 0.6478405315614618 0
1616454233460 0.654485049833887 0
1616454233478 0.6611295681063123 0
1616454233494 0.654485049833887 0
1616454233536 0.6478405315614618 0
1616454233562 0.6611295681063123 0
1616454233631 0.6578073089700996 0
1616454233651 0.6611295681063123 0
1616454233663 0.6644518272425249 0
1616454233669 0.6511627906976745 0
1616454233694 0.6511627906976745 0
1616454233736 0.654485049833887 0
1616454233792 0.6511627906976745 0
1616454233849 0.6411960132890365 0
1616454233858 0.6611295681063123 0
1616454233860 0.6478405315614618 0
1616454233920 0.6511627906976745 0
1616454233925 0.6611295681063123 0
1616454233934 0.6478405315614618 0
1616454234045 0.6511627906976745 0
1616454234074 0.6478405315614618 0
1616454234095 0.6511627906976745 0
1616454234097 0.6478405315614618 0
1616454234128 0.6578073089700996 0
1616454234204 0.654485049833887 0
1616454234218 0.6511627906976745 0
1616454234234 0.6677740863787376 0
1616454234260 0.6611295681063123 0
1616454234269 0.6511627906976745 0
1616454234296 0.6578073089700996 0
1616454234345 0.6511627906976745 0
1616454234403 0.6511627906976745 0
1616454234438 0.6644518272425249 0
1616454234482 0.6511627906976745 0
1616454234502 0.654485049833887 0
1616454234568 0.6312292358803987 0
1616454234577 0.6478405315614618 0
1616454234619 0.6511627906976745 0
1616454234654 0.6445182724252492 0
1616454234723 0.654485049833887 0
1616454234793 0.6611295681063123 0
1616454234810 0.6611295681063123 0
1616454234827 0.6611295681063123 0
1616454234828 0.6578073089700996 0
1616454234917 0.6478405315614618 0
1616454234976 0.6511627906976745 0
1616454235043 0.6445182724252492 0
1616454235066 0.6511627906976745 0
1616454235091 0.6644518272425249 0
1616454235149 0.6411960132890365 0
1616454235161 0.6578073089700996 0
1616454235173 0.654485049833887 0
1616454235291 0.6611295681063123 0
1616454235304 0.6511627906976745 0
